0 0.785398 0
0.25 0.57665 -1.6043
0.5 0.0516515 -2.39168
0.75001 -0.502678 -1.82184
1.00001 -0.778921 -0.298428
1.25001 -0.640649 1.36214
1.5 -0.154001 2.34811
1.75 0.419897 2.0103
2 0.759638 0.593061
2.25 0.693778 -1.09999
2.5 0.25354 -2.26231
2.75 -0.329729 -2.16523
3 -0.727815 -0.879717
3.25 -0.735238 0.822492
3.5 -0.348497 2.13667
3.75 0.233685 2.28284
4 0.683883 1.15433
4.25 0.764475 -0.533904
4.50001 0.437204 -1.97454
4.75001 -0.13347 -2.36001
5.00001 -0.628469 -1.41251
5.25001 -0.781099 0.238397
5.50001 -0.518213 1.77982
5.75001 0.0308306 2.39464
6.00001 0.562353 1.64987
6.25001 0.784906 0.0602218
6.50001 0.590195 -1.55698
6.75001 0.0723509 -2.38575
7.00001 -0.486548 -1.86175
7.25001 -0.775846 -0.358012
7.50001 -0.652039 1.3106
7.75001 -0.174199 2.3336
8.00001 0.402253 2.04363
8.25001 0.754042 0.651086
8.50001 0.702832 -1.04527
8.75001 0.272879 -2.23967
9.00001 -0.310855 -2.19126
9.25001 -0.719783 -0.935449
9.50001 -0.741856 0.765434
9.75001 -0.366642 2.10655
10 0.213914 2.30093
10.25 0.673539 1.20693
10.5 0.768582 -0.475356
10.75 0.453873 -1.9377
11 -0.113134 -2.36971
11.25 -0.615959 -1.46118
11.5 -0.782659 0.179092
11.75 -0.53312 1.73719
12 0.0103208 2.3957
12.25 0.547887 1.69365
12.5 0.783908 0.119439
12.75 0.603116 -1.50948
13 0.0926609 -2.37818
13.25 -0.470361 -1.89978
13.5 -0.772318 -0.416377
13.75 -0.662791 1.25919
14 -0.193944 2.31767
14.25 0.384615 2.07507
14.5 0.748044 0.707826
14.75 0.711272 -0.990861
15 0.291708 -2.21586
15.25 -0.292071 -2.21537
15.5 -0.711411 -0.989768
15.75 -0.747882 0.708903
16 -0.384234 2.07553
16.25 0.194316 2.31711
16.5 0.662921 1.258
16.75 0.772128 -0.417521
17 0.469938 -1.90026
17.25 -0.0930749 -2.37757
17.5 -0.60326 -1.50814
17.75 -0.783692 0.120737
18 -0.547405 1.69424
18.25 -0.00983454 2.39506
18.5 0.533309 1.73565
18.75 0.782431 0.177556
19 0.61541 -1.46196
19.25 0.112547 -2.36909
19.5 -0.454141 -1.93594
19.75 -0.768364 -0.473505
20 -0.672922 1.208
20.25 -0.213203 2.30043
20.5 0.367028 2.1046
20.75 0.741679 0.763202
21 0.71911 -0.936898
21.25 0.310004 -2.191
21.5 -0.273421 -2.23758
21.75 -0.702735 -1.0426
22 -0.753332 0.653015
22.25 -0.401254 2.04373
22.5 0.174935 2.33144
22.75 0.652068 1.30748
23 0.77513 -0.360508
23.25 0.485405 -1.86234
23.5 -0.073311 -2.38366
23.75 -0.5904 -1.55342
24 -0.784224 0.0633623
24.25 -0.56108 1.65108
24.5 -0.0296218 2.39279
24.75 0.518646 1.77587
25 0.7805 0.23455
25.25 0.627092 -1.41447
25.5 0.131999 -2.35857
25.75 -0.437917 -1.97028
26 -0.76401 -0.529379
26.25 -0.682451 1.15709
26.5 -0.231973 2.282
26.75 0.349517 2.13228
27 0.734975 0.817204
27.25 0.726364 -0.883432
27.5 0.327764 -2.16519
27.75 -0.254928 -2.25794
28 -0.693784 -1.09396
28.25 -0.758226 0.597815
28.5 -0.417705 2.01125
28.75 0.155789 2.34399
29 0.641008 1.35538
29.25 0.777614 -0.304354
29.5 0.500282 -1.82401
29.75 -0.0538578 -2.38808
30 -0.577405 -1.59702
30.25 -0.78428 0.00699731
30.5 -0.574155 1.60778
30.75 -0.049029 2.38899
31 0.503924 1.81435
31.25 0.778143 0.290399
31.5 0.638176 -1.36709
31.75 0.15101 -2.34672
32 -0.421711 -2.00282
32.25 -0.759285 -0.583985
32.5 -0.691395 1.10652
32.75 -0.25025 2.26245
33 0.332103 2.15816
33.25 0.727958 0.869825
33.5 0.733054 -0.830515
33.75 0.34499 -2.13853
34 -0.236611 -2.27652
34.25 -0.684584 -1.14382
34.5 -0.762586 0.543347
34.75 -0.433593 1.97819
35 0.136896 2.35481
35.25 0.629769 1.40169
35.5 0.779605 -0.249022
35.75 0.514596 -1.78532
36 -0.0347058 -2.39089
36.25 -0.564285 -1.63902
36.5 -0.783885 -0.0484023
36.75 -0.586658 1.56437
37 -0.0680693 2.38374
37.25 0.48915 1.85115
37.5 0.775381 0.345154
37.75 0.648691 -1.31984
38 0.169596 -2.3336
38.25 -0.405529 -2.03365
38.5 -0.754207 -0.637381
38.75 -0.699781 1.05629
39 -0.268053 2.24187
39.25 0.314789 2.1823
39.5 0.720645 0.921126
39.75 0.739209 -0.77813
40 0.361704 -2.11108
40.25 -0.218468 -2.29339
40.5 -0.675151 -1.19227
40.75 -0.766441 0.489582
41 -0.448942 1.94459
41.25 0.118249 2.364
41.5 0.61836 1.44649
41.75 0.781121 -0.194683
42 0.528319 -1.74644
42.25 -0.0159159 -2.39218
42.5 -0.551099 -1.67932
42.75 -0.783063 -0.102675
43 -0.598571 1.52103
43.25 -0.0866856 2.37715
43.5 0.474385 1.88621
43.75 0.772246 0.398663
44 0.658626 -1.2729
44.25 0.187705 -2.31934
44.5 -0.389431 -2.06272
44.75 -0.748814 -0.689421
45 -0.707608 1.00658
45.25 -0.285336 2.2204
45.5 0.297636 2.2047
45.75 0.713081 0.970975
46 0.744833 -0.726453
46.25 0.377867 -2.08299
46.5 -0.200562 -2.30858
46.75 -0.665533 -1.23918
47 -0.769801 0.43669
47.25 -0.463719 1.91062
47.5 0.0999099 2.3716
47.75 0.606837 1.48968
48 0.782188 -0.141293
48.25 0.541481 -1.70741
48.5 0.00252409 -2.39202
48.75 -0.537853 -1.718
49 -0.781838 -0.15587
49.25 -0.609923 1.47777
49.5 -0.104894 2.36928
49.75 0.459633 1.91961
50 0.76876 0.45098
50.25 0.66801 -1.22626
50.5 0.205356 -2.30403
50.75 -0.373421 -2.09011
51 -0.743127 -0.740167
51.25 -0.714904 0.957381
51.5 -0.302122 2.1981
51.75 0.280644 2.22544
52 0.705283 1.01944
52.25 0.749955 -0.675459
52.5 0.393503 -2.05433
52.75 -0.182887 -2.32216
53 -0.655743 -1.28461
53.25 -0.772695 0.384638
53.5 -0.477953 1.87633
53.75 0.0818696 2.37769
54 0.59521 1.53133
54.25 0.78283 -0.0888792
54.5 0.554092 -1.66829
54.75 0.0206038 -2.3905
55 -0.524573 -1.75509
55.25 -0.780235 -0.207971
55.5 -0.620727 1.43466
55.75 -0.122687 2.36022
56 0.444918 1.95138
56.25 0.764948 0.502095
56.5 0.676861 -1.17999
56.75 0.222547 -2.28774
57 -0.357519 -2.11586
57.25 -0.73717 -0.789615
57.5 -0.721689 0.908733
57.75 -0.318411 2.17506
58 0.263829 2.24457
58.25 0.697274 1.06651
58.5 0.754595 -0.625188
58.75 0.408618 -2.02517
59 -0.165459 -2.3342
59.25 -0.645807 -1.32859
59.5 -0.775143 0.333455
59.75 -0.49165 1.84179
60 0.0641404 2.38235
60.25 0.583502 1.57145
60.5 0.78307 -0.0374624
60.75 0.566162 -1.62917
61 0.0383139 -2.38769
61.25 -0.511281 -1.79061
61.5 -0.778278 -0.25896
61.75 -0.630998 1.39177
62 -0.14006 2.35007
62.25 0.43026 1.98156
62.5 0.760833 0.551999
62.75 0.685194 -1.13413
63 0.239275 -2.27057
63.25 -0.341743 -2.14003
63.5 -0.730966 -0.837763
63.75 -0.72798 0.860683
64 -0.334206 2.15137
64.25 0.247211 2.26215
64.5 0.689078 1.11221
64.75 0.758773 -0.575675
65 0.423217 -1.9956
65.25 -0.148292 -2.34477
65.5 -0.635747 -1.37112
65.75 -0.777168 0.283168
66 -0.50482 1.80708
66.25 0.0467339 2.38566
66.5 0.571736 1.61007
66.75 0.782929 0.0129371
67 0.577706 -1.5901
67.25 0.0556462 -2.38367
67.5 -0.497998 -1.82458
67.75 -0.775989 -0.308826
68 -0.64075 1.34915
68.25 -0.157008 2.3389
68.5 0.415679 2.01018
68.75 0.756439 0.600685
69 0.693026 -1.08874
69.25 0.255539 -2.25259
69.5 -0.326113 -2.16265
69.75 -0.72454 -0.884609
70 -0.733797 0.813273
70.25 -0.349509 2.1271
70.5 0.230804 2.27823
70.75 0.680721 1.15653
71 0.76251 -0.526951
71.25 0.437305 -1.96569
71.5 -0.1314 -2.35393
71.75 -0.625587 -1.41221
72 -0.77879 0.233801
72.25 -0.517473 1.77227
72.5 0.0296602 2.38767
72.75 0.559934 1.64721
73 0.782431 0.0623019
73.25 0.588733 -1.55116
73.5 0.072594 -2.37853
73.75 -0.484745 -1.85704
74 -0.773391 -0.357558
74.25 -0.649999 1.30686
74.5 -0.173527 2.32679
74.75 0.401195 2.03728
75 0.75179 0.64815
75.25 0.700376 -1.04387
75.5 0.27134 -2.23388
75.75 -0.310646 -2.18377
76 -0.717915 -0.930155
76.25 -0.739158 0.766539
76.5 -0.364323 2.10234
76.75 0.214623 2.29288
77 0.672222 1.19949
77.25 0.765826 -0.479047
77.5 0.45089 -1.93552
77.75 -0.114795 -2.36174
78 -0.615349 -1.45187
78.25 -0.780032 0.185378
78.5 -0.529617 1.73742
78.75 0.0129286 2.38847
79 0.548118 1.68288
79.25 0.781597 0.110616
79.5 0.599258 -1.5124
79.75 0.089151 -2.37234
80 -0.471542 -1.88802
80.25 -0.770507 -0.405146
80.5 -0.658759 1.26495
80.75 -0.189615 2.31382
81 0.386827 2.0629
81.25 0.746908 0.694388
81.5 0.707258 -0.999549
81.75 0.286679 -2.21454
82 -0.295357 -2.20345
82.25 -0.711112 -0.974405
82.5 -0.744083 0.720517
82.75 -0.378653 2.07716
83 0.198683 2.30614
83.25 0.663606 1.24109
83.5 0.76874 -0.431988
83.75 0.46398 -1.90516
84 -0.0984877 -2.36826
84.25 -0.605054 -1.49014
84.5 -0.780913 0.137918
84.75 -0.541264 1.7026
85 -0.00345265 2.38812
85.25 0.536307 1.71712
85.5 0.780449 0.157868
85.75 0.609293 -1.47387
86 0.105313 -2.36517
86.25 -0.458409 -1.91755
86.5 -0.767358 -0.451584
86.75 -0.667046 1.22347
87 -0.20527 2.30007
87.25 0.37259 2.08708
87.5 0.741814 0.739401
87.75 0.713692 -0.955826
88 0.301557 -2.19463
88.25 -0.280263 -2.22173
88.5 -0.704155 -1.01736
88.75 -0.748588 0.675238
89 -0.392504 2.05163
89.25 0.182997 2.31808
89.5 0.654893 1.28134
89.75 0.771273 -0.385801
90 0.476581 -1.87468
90.25 -0.0824889 -2.37358
90.5 -0.594722 -1.52702
90.75 -0.781455 0.0914377
91 -0.552424 1.66788
91.25 -0.0194764 2.3867
91.5 0.524522 1.74994
91.75 0.779007 0.204044
92 0.618852 -1.43564
92.25 0.121074 -2.3571
92.5 -0.445362 -1.94566
92.75 -0.763966 -0.496865
93 -0.674874 1.18246
93.25 -0.220492 2.28562
93.5 0.358503 2.10987
93.75 0.736529 0.783187
94 0.719693 -0.912736
94.25 0.315976 -2.17422
94.5 -0.265378 -2.23866
94.75 -0.697063 -1.05904
95 -0.752694 0.630733
95.25 -0.405882 2.02584
95.5 0.167576 2.32875
95.75 0.646104 1.32026
96 0.773444 -0.340508
96.25 0.488704 -1.84414
96.5 -0.0668076 -2.37774
96.75 -0.584374 -1.56253
97 -0.781678 0.0459541
97.25 -0.563109 1.63331
97.5 -0.0351364 2.38428
97.75 0.51278 1.78138
98 0.777293 0.249136
98.25 0.627948 -1.39776
98.5 0.136434 -2.34821
98.75 -0.432421 -1.97239
99 -0.760352 -0.540987
99.25 -0.68226 1.14196
99.5 -0.23528 2.27054
99.75 0.34458 2.1313
100 0.731076 0.82575
100.25 0.725279 -0.870314
100.5 0.329941 -2.1534
100.75 -0.250714 -2.25429
101 -0.689857 -1.09943
101.25 -0.756419 0.587027
101.5 -0.418792 1.99983
101.75 0.152431 2.33821
102 0.637259 1.35786
102.25 0.775273 -0.296127
102.5 0.500357 -1.81361
102.75 -0.0514521 -2.38081
103 -0.574029 -1.59669
103.25 -0.781601 0.00148046
103.5 -0.573331 1.59894
103.75 -0.0504274 2.38092
104 0.501101 1.81146
104.25 0.775327 0.293136
104.5 0.636594 -1.36026
104.75 0.151388 -2.33855
105 -0.4196 -1.99777
105.25 -0.756536 -0.583946
105.5 -0.689219 1.10202
105.75 -0.249636 2.25489
106 0.330836 2.15142
106.25 0.725474 0.867092
106.5 0.730466 -0.828591
106.75 0.343454 -2.13222
107 -0.236286 -2.26868
107.25 -0.682558 -1.13856
107.5 -0.75978 0.544147
107.75 -0.431242 1.97369
108 0.137573 2.34653
108.25 0.628377 1.39416
108.5 0.776777 -0.252678
108.75 0.511549 -1.78314
109 -0.0364298 -2.38287
109.25 -0.563704 -1.62953
109.5 -0.781244 -0.0419711
109.75 -0.583099 1.56483
110 -0.0653447 2.3767
110.25 0.489501 1.84022
110.5 0.773128 0.336037
110.75 0.644804 -1.32319
111 0.165936 -2.32821
111.25 -0.406917 -2.02185
111.5 -0.752538 -0.625743
111.75 -0.695766 1.06267
112 -0.263561 2.23876
112.25 0.317285 2.17028
112.5 0.719743 0.90722
112.75 0.735272 -0.787598
113 0.356521 -2.11075
113.25 -0.222103 -2.28188
113.5 -0.675184 -1.17644
113.75 -0.762795 0.502113
114 -0.443238 1.94746
114.25 0.12301 2.35375
114.5 0.619476 1.42918
114.75 0.777977 -0.210177
115 0.52229 -1.75279
115.25 -0.0217473 -2.38396
115.5 -0.553418 -1.66107
115.75 -0.780627 -0.0843905
116 -0.592428 1.53102
116.25 -0.0798848 2.37167
116.5 0.477996 1.86768
116.75 0.770717 0.377835
117 0.652593 -1.2866
117.25 0.180076 -2.31725
117.5 -0.394385 -2.04465
117.75 -0.748377 -0.666379
118 -0.701916 1.02395
118.25 -0.277057 2.2222
118.5 0.30394 2.18791
118.75 0.713902 0.946138
119 0.739714 -0.747362
119.25 0.369146 -2.08907
119.5 -0.208178 -2.29393
119.75 -0.667755 -1.21306
120 -0.765482 0.460948
120.25 -0.454789 1.92122
120.5 0.108752 2.35994
120.75 0.610575 1.46292
121 0.778889 -0.168638
121.25 0.532589 -1.72262
121.5 -0.00741016 -2.38416
121.75 -0.543187 -1.69133
122 -0.779767 -0.125769
122.25 -0.601328 1.49757
122.5 -0.0940447 2.36591
122.75 0.466602 1.89387
123 0.768111 0.418527
123.25 0.659974 -1.25053
123.5 0.193809 -2.30573
123.75 -0.382019 -2.06622
124 -0.744072 -0.705855
124.25 -0.707686 0.985884
124.5 -0.290127 2.20528
124.75 0.290813 2.20437
125 0.707969 0.983854
125.25 0.743807 -0.707906
125.5 0.381335 -2.06722
125.75 -0.19452 -2.3049
126 -0.660287 -1.24846
126.25 -0.767858 0.42067
126.5 -0.465902 1.89501
126.75 0.0948045 2.36516
127 0.601691 1.49542
127.25 0.779532 -0.128074
127.5 0.542458 -1.69266
127.75 0.00657652 -2.38352
128 -0.533029 -1.72035
128.25 -0.778684 -0.166099
128.5 -0.609812 1.46451
128.75 -0.107822 2.35948
129 0.455335 1.91884
129.25 0.765329 0.458111
129.5 0.666961 -1.215
129.75 0.207135 -2.29372
130 -0.369831 -2.0866
130.25 -0.739642 -0.744174
130.5 -0.71309 0.948506
130.75 -0.302774 2.18806
131 0.277915 2.21971
131.25 0.701962 1.02038
131.5 0.747568 -0.669256
131.75 0.393093 -2.04527
132 -0.181138 -2.31483
132.25 -0.6528 -1.28264
132.5 -0.769941 0.381295
132.75 -0.476586 1.86888
133 0.0811759 2.36945
133.25 0.59284 1.52669
133.5 0.779924 -0.0884964
133.75 0.551907 -1.66298
134 0.0202086 -2.3821
134.25 -0.522957 -1.74814
134.5 -0.777395 -0.205375
134.75 -0.617893 1.43189
135 -0.121216 2.35243
135.25 0.444207 1.9426
135.5 0.762389 0.496586
135.75 0.673567 -1.18006
136 0.220056 -2.28129
136.25 -0.357836 -2.10582
136.5 -0.735104 -0.781342
136.75 -0.718143 0.911843
137 -0.315002 2.1706
137.25 0.265257 2.23395
137.5 0.6959 1.05572
137.75 0.751012 -0.631431
138 0.404427 -2.02327
138.25 -0.16804 -2.32377
138.5 -0.645308 -1.31561
138.75 -0.771747 0.342838
139 -0.486848 1.8429
139.25 0.0678718 2.37288
139.5 0.584039 1.55675
139.75 0.780082 -0.0499142
140 0.560945 -1.63361
140.25 0.0334824 -2.37997
140.5 -0.512987 -1.77473
140.75 -0.775917 -0.243593
141 -0.625582 1.39975
141.25 -0.134224 2.34484
141.5 0.433233 1.96519
141.75 0.759309 0.533953
142 0.679807 -1.14574
142.25 0.232573 -2.26848
142.5 -0.346043 -2.12393
142.75 -0.730475 -0.817364
143 -0.72286 0.87592
143.25 -0.326814 2.15296
143.5 0.252849 2.24717
143.75 0.689798 1.08989
144 0.754157 -0.594451
144.25 0.415343 -2.00127
144.5 -0.155235 -2.33177
144.75 -0.637829 -1.3474
145 -0.773292 0.305314
145.25 -0.496698 1.8171
145.5 0.0548974 2.37551
145.75 0.575302 1.58562
146 0.780023 -0.0123358
146.25 0.569585 -1.60459
146.5 0.0463952 -2.37718
146.75 -0.503133 -1.80016
147 -0.774268 -0.28075
147.25 -0.632891 1.36811
147.5 -0.146847 2.33676
147.75 0.422426 1.98666
148 0.756106 0.570213
148.25 0.685694 -1.11207
148.5 0.244687 -2.25536
148.75 -0.334464 -2.14097
149 -0.725773 -0.852245
149.25 -0.727256 0.840761
149.5 -0.338217 2.1352
149.75 0.2407 2.25939
150 0.683672 1.12289
150.25 0.757017 -0.558333
150.5 0.425849 -1.97934
150.75 -0.14273 -2.3389
151 -0.630378 -1.37802
151.25 -0.774593 0.268735
151.5 -0.506145 1.79154
151.75 0.0422576 2.37738
152 0.566644 1.61333
152.25 0.779762 0.0242316
152.5 0.577835 -1.57598
152.75 0.0589445 -2.37379
153 -0.493409 -1.82444
153.25 -0.772464 -0.316842
153.5 -0.639834 1.33702
153.75 -0.159085 2.32824
154 0.411796 2.00702
154.25 0.752795 0.605369
154.5 0.691242 -1.07906
154.75 0.256403 -2.24199
155 -0.32311 -2.15697
155.25 -0.721013 -0.885994
155.5 -0.731345 0.806387
155.75 -0.349213 2.11736
156 0.228819 2.27066
156.25 0.677539 1.15475
156.5 0.759608 -0.523094
156.75 0.43595 -1.95751
157 -0.13053 -2.34518
157.25 -0.62297 -1.40749
157.5 -0.775665 0.23311
157.75 -0.515197 1.76625
158 0.0299564 2.37855
158.25 0.558079 1.6399
158.5 0.779317 0.0597823
158.75 0.585708 -1.54779
159 0.0711287 -2.36985
159.25 -0.483827 -1.84762
159.5 -0.770521 -0.35187
159.75 -0.646422 1.30651
160 -0.170938 2.31934
160.25 0.401356 2.02632
160.5 0.749393 0.639424
160.75 0.696463 -1.04676
161 0.267722 -2.22841
161.25 -0.31199 -2.17197
161.5 -0.71621 -0.918619
161.75 -0.735142 0.772818
162 -0.35981 2.0995
162.25 0.217212 2.28103
162.5 0.671414 1.18547
162.75 0.761943 -0.488748
163 0.445655 -1.93583
163.25 -0.118642 -2.35068
163.5 -0.615619 -1.43582
163.75 -0.776524 0.19845
164 -0.523864 1.74129
164.25 0.0179974 2.37906
164.5 0.549621 1.66536
164.75 0.778702 0.0943117
165 0.593213 -1.52008
165.25 0.0829466 -2.36541
165.5 -0.474399 -1.86971
165.75 -0.768455 -0.385833
166 -0.652666 1.2766
166.25 -0.182408 2.31011
166.5 0.391116 2.04459
166.75 0.745916 0.672383
167 0.701371 -1.01518
167.25 0.278648 -2.21469
167.5 -0.301113 -2.18603
167.75 -0.711381 -0.950128
168 -0.73866 0.740072
168.25 -0.370011 2.08166
168.5 0.205888 2.29055
168.75 0.66531 1.21507
169 0.764039 -0.455307
169.25 0.454971 -1.91435
169.5 -0.10707 -2.35545
169.75 -0.608339 -1.46304
170 -0.777184 0.164762
170.25 -0.532154 1.71668
170.5 0.00638351 2.37899
170.75 0.541282 1.68972
171 0.777933 0.127816
171.25 0.600362 -1.49287
171.5 0.0943973 -2.36053
171.75 -0.465137 -1.89074
172 -0.76628 -0.418731
172.25 -0.65858 1.24732
172.5 -0.193496 2.30061
172.75 0.381087 2.06187
173 0.742377 0.704252
173.25 0.70598 -0.984351
173.5 0.289184 -2.20086
173.75 -0.290488 -2.19917
174 -0.706539 -0.980532
174.25 -0.741913 0.708166
174.5 -0.379823 2.06389
174.75 0.194853 2.29925
175 0.659243 1.24356
175.25 0.765909 -0.422784
175.5 0.463905 -1.89311
175.75 -0.0958194 -2.35952
176 -0.601143 -1.48916
176.25 -0.777661 0.132054
176.5 -0.540078 1.69246
176.75 -0.00488278 2.37836
177 0.533073 1.71301
177.25 0.777024 0.160293
177.5 0.607165 -1.4662
177.75 0.105481 -2.35527
178 -0.456051 -1.91076
178.25 -0.764011 -0.450568
178.5 -0.664175 1.2187
178.75 -0.204204 2.29089
179 0.371277 2.07819
179.25 0.738792 0.735035
179.5 0.7103 -0.954284
179.75 0.299335 -2.18698
180 -0.280123 -2.21143
180.25 -0.701698 -1.00984
180.5 -0.744915 0.677115
180.75 -0.389252 2.04624
181 0.184112 2.30718
181.25 0.653224 1.27096
181.5 0.767567 -0.391189
181.75 0.472465 -1.87214
182 -0.0848941 -2.36295
182.25 -0.594043 -1.51421
182.5 -0.777967 0.100332
182.75 -0.547643 1.66867
183 -0.0157995 2.37723
183.25 0.525008 1.73526
183.5 0.77599 0.191741
183.75 0.613632 -1.44009
184 0.116196 -2.34965
184.25 -0.447153 -1.92978
184.5 -0.761663 -0.481344
184.75 -0.669462 1.19077
185 -0.214534 2.28099
185.25 0.361696 2.09358
185.5 0.735175 0.76474
185.75 0.714346 -0.925001
186 0.309105 -2.17309
186.25 -0.270024 -2.22286
186.5 -0.696871 -1.03807
186.75 -0.747679 0.646933
187 -0.398304 2.02875
187.25 0.173672 2.31439
187.5 0.647267 1.29729
187.75 0.769026 -0.360531
188 0.480659 -1.85149
188.25 -0.0742976 -2.36578
188.5 -0.587052 -1.5382
188.75 -0.778118 0.0695998
189 -0.55486 1.64534
189.25 -0.026365 2.37565
189.5 0.517096 1.75649
189.75 0.774844 0.222158
190 0.619774 -1.41457
190.25 0.126546 -2.34374
190.5 -0.438451 -1.94783
190.75 -0.75925 -0.511063
191 -0.674452 1.16354
191.25 -0.224488 2.27095
191.5 0.352352 2.10808
191.75 0.731538 0.793374
192 0.718129 -0.896521
192.25 0.318498 -2.15923
192.5 -0.260198 -2.23348
192.75 -0.692073 -1.06522
193 -0.750217 0.617633
193.25 -0.406984 2.01145
193.5 0.163538 2.3209
193.75 0.641385 1.32255
194 0.7703 -0.330819
194.25 0.488494 -1.83119
194.5 -0.0640329 -2.36805
194.75 -0.580181 -1.56115
195 -0.778126 0.0398628
195.25 -0.561737 1.6225
195.5 -0.0365783 2.37366
195.75 0.509348 1.77672
196 0.7736 0.251546
196.25 0.625602 -1.38967
196.5 0.136529 -2.33758
196.75 -0.429956 -1.96495
197 -0.756783 -0.53973
197.25 -0.679158 1.13704
197.5 -0.234069 2.26083
197.75 0.343252 2.12172
198 0.727895 0.820944
198.25 0.721661 -0.868858
198.5 0.327518 -2.14545
198.75 -0.250652 -2.24335
199 -0.687314 -1.09131
199.25 -0.752542 0.589227
199.5 -0.4153 1.99439
199.75 0.153713 2.32678
200 0.635588 1.34676
200.25 0.771401 -0.30206
200.5 0.495978 -1.81128
200.75 -0.0541027 -2.36982
201 -0.57344 -1.58309
201.25 -0.778004 0.0111238
201.5 -0.568284 1.60019
201.75 -0.0464385 2.3713
202 0.501774 1.79598
202.25 0.77227 0.279903
202.5 0.631124 -1.36541
202.75 0.146147 -2.33122
203 -0.421674 -1.98116
203.25 -0.754277 -0.567347
203.5 -0.68359 1.11128
203.75 -0.243281 2.25066
204 0.334405 2.13454
204.25 0.724257 0.847459
204.5 0.724954 -0.842029
204.75 0.336171 -2.13178
205 -0.241392 -2.25249
205.25 -0.682607 -1.11635
205.5 -0.754665 0.561724
205.75 -0.423256 1.9776
206 0.144202 2.33205
206.25 0.629888 1.36995
206.5 0.772342 -0.27426
206.75 0.503119 -1.79178
207 -0.0445094 -2.37111
207.25 -0.566841 -1.60403
207.5 -0.777764 -0.0166147
207.75 -0.574509 1.57842
208 -0.0559451 2.36863
208.25 0.494383 1.8143
208.5 0.770867 0.307232
208.75 0.636352 -1.34182
209 0.155401 -2.32468
209.25 -0.413616 -1.99649
209.5 -0.751742 -0.593921
209.75 -0.687758 1.08629
210 -0.252126 2.24049
210.25 0.325816 2.14656
210.5 0.720638 0.872927
210.75 0.728018 -0.816045
211 0.34446 -2.11827
211.25 -0.232422 -2.26095
211.5 -0.677963 -1.14035
211.75 -0.756599 0.535134
212 -0.43086 1.96111
212.25 0.135008 2.33675
212.5 0.624297 1.39212
212.75 0.773135 -0.247425
213 0.509924 -1.77272
213.25 -0.0352546 -2.37197
213.5 -0.560392 -1.624
213.75 -0.777419 -0.0433508
214 -0.580421 1.55723
214.25 -0.0650981 2.36567
214.5 0.487184 1.8317
214.75 0.769403 0.333534
215 0.641294 -1.31891
215.25 0.164293 -2.31803
215.5 -0.405787 -2.01097
215.75 -0.749192 -0.619455
216 -0.691673 1.06208
216.25 -0.260607 2.23035
216.5 0.317492 2.15783
216.75 0.717047 0.897356
217 0.730866 -0.79092
217.25 0.352392 -2.10494
217.5 -0.223747 -2.26875
217.75 -0.673393 -1.16333
218 -0.758355 0.509465
218.25 -0.438118 1.94496
218.5 0.126135 2.34093
218.75 0.618822 1.41329
219 0.773791 -0.221559
219.25 0.516402 -1.75414
219.5 -0.0263402 -2.37245
219.75 -0.554104 -1.64301
220 -0.776981 -0.0690834
220.25 -0.586028 1.53663
220.5 -0.0738976 2.36247
220.75 0.480185 1.8482
221 0.76789 0.358811
221.25 0.64596 -1.2967
221.5 0.172826 -2.31128
221.75 -0.398196 -2.02463
222 -0.746637 -0.643957
222.25 -0.695345 1.03866
222.5 -0.268728 2.22028
222.75 0.309439 2.16837
223 0.713497 0.920756
223.25 0.733507 -0.766665
223.5 0.35997 -2.09184
223.75 -0.215372 -2.27594
224 -0.668908 -1.18529
224.25 -0.759944 0.484725
224.5 -0.445035 1.92918
224.75 0.117586 2.34461
225 0.613476 1.43348
225.25 0.774321 -0.196666
225.5 0.522558 -1.73606
225.75 -0.0177671 -2.37257
226 -0.547984 -1.66109
226.25 -0.77646 -0.0938119
226.5 -0.591339 1.51665
226.75 -0.082344 2.35906
227 0.473395 1.86382
227.25 0.766338 0.383067
227.5 0.65036 -1.27522
227.75 0.181 -2.30449
228 -0.390849 -2.0375
228.25 -0.744088 -0.667431
228.5 -0.698784 1.01605
228.75 -0.276493 2.21031
229 0.301662 2.1782
229.25 0.709997 0.943137
229.5 0.735952 -0.74329
229.75 0.3672 -2.079
230 -0.207301 -2.28253
230.25 -0.664516 -1.20626
230.5 -0.761376 0.460921
230.75 -0.451619 1.91379
231 0.109362 2.34783
231.25 0.608266 1.45271
231.5 0.774736 -0.17275
231.75 0.528401 -1.71851
232 -0.00953641 -2.37237
232.25 -0.542042 -1.67825
232.5 -0.775867 -0.117536
232.75 -0.596362 1.49731
233 -0.0904378 2.35549
233.25 0.466819 1.8786
233.5 0.764758 0.406303
233.75 0.654502 -1.25447
234 0.188818 -2.29768
234.25 -0.383753 -2.0496
234.5 -0.741555 -0.689884
234.75 -0.701999 0.994262
235 -0.283904 2.20048
235.25 0.294166 2.18737
235.5 0.706557 0.964507
235.75 0.73821 -0.720805
236 0.374086 -2.06643
236.25 -0.199537 -2.28858
236.5 -0.660228 -1.22624
236.75 -0.762662 0.438058
237 -0.457875 1.89883
237.25 0.101467 2.35063
237.5 0.603201 1.47099
237.75 0.775047 -0.149814
238 0.533937 -1.70151
238.25 -0.00164877 -2.37189
238.5 -0.536285 -1.69451
238.75 -0.775212 -0.140257
239 -0.601106 1.47863
239.25 -0.09818 2.35179
239.5 0.460466 1.89255
239.75 0.76316 0.428524
240 0.658395 -1.23448
240.25 0.196282 -2.29089
240.5 -0.376912 -2.06096
240.75 -0.739048 -0.711323
241 -0.705 0.97331
241.25 -0.290966 2.19082
241.5 0.286956 2.1959
241.75 0.703187 0.984876
242 0.740292 -0.699217
242.25 0.380633 -2.05419
242.5 -0.192083 -2.29411
242.75 -0.656053 -1.24525
243 -0.763811 0.416143
243.25 -0.463809 1.88431
243.5 0.0939016 2.35304
243.75 0.59829 1.48833
244 0.775262 -0.127858
244.25 0.539174 -1.68507
244.5 0.00589538 -2.37116
244.75 -0.53072 -1.7099
245 -0.774505 -0.161974
245.25 -0.605577 1.46063
245.5 -0.105572 2.34798
245.75 0.454342 1.9057
246 0.761554 0.449734
246.25 0.662048 -1.21526
246.5 0.203395 -2.28415
246.75 -0.370332 -2.0716
247 -0.736576 -0.731754
247.25 -0.707796 0.953203
247.5 -0.297683 2.18136
247.75 0.280035 2.20382
248 0.699895 1.00425
248.25 0.742206 -0.678535
248.5 0.386847 -2.04228
248.75 -0.184943 -2.29914
249 -0.651998 -1.26329
249.25 -0.764833 0.395178
249.5 -0.469428 1.87027
249.75 0.0866678 2.3551
250 0.593541 1.50476
250.25 0.775393 -0.106886
250.5 0.544118 -1.66923
250.75 0.0130958 -2.37022
251 -0.525355 -1.72443
251.25 -0.773756 -0.18269
251.5 -0.609783 1.44332
251.75 -0.112613 2.34411
252 0.448453 1.91806
252.25 0.759949 0.469935
252.5 0.665468 -1.19683
252.75 0.210158 -2.27749
253 -0.36402 -2.08155
253.25 -0.734149 -0.751184
253.5 -0.710394 0.933951
253.75 -0.304057 2.17213
254 0.273409 2.21116
254.25 0.696691 1.02265
254.5 0.743962 -0.658766
254.75 0.392732 -2.03074
255 -0.178119 -2.30371
255.25 -0.648072 -1.28039
255.5 -0.765737 0.375168
255.75 -0.474736 1.85672
256 0.0797669 2.35682
256.25 0.588959 1.52029
256.5 0.775447 -0.0868983
256.75 0.548776 -1.65399
257 0.0199525 -2.36909
257.25 -0.520196 -1.73812
257.5 -0.772974 -0.202406
257.75 -0.613733 1.42673
258 -0.119307 2.3402
258.25 0.442803 1.92966
258.5 0.758354 0.489134
258.75 0.668663 -1.17918
259 0.216575 -2.27094
259.25 -0.357978 -2.09084
259.5 -0.731775 -0.769619
259.75 -0.712804 0.915564
260 -0.310093 2.16315
260.25 0.267079 2.21794
260.5 0.693582 1.04007
260.75 0.745567 -0.639915
261 0.398293 -2.01959
261.25 -0.171614 -2.30785
261.5 -0.644282 -1.29655
261.75 -0.766531 0.356117
262 -0.47974 1.84369
262.25 0.0731999 2.35825
262.5 0.584554 1.53493
262.75 0.775433 -0.0678952
263 0.553155 -1.63939
263.25 0.0264656 -2.3678
263.5 -0.515249 -1.75099
263.75 -0.772166 -0.221123
264 -0.617432 1.41086
264.25 -0.125654 2.33627
264.5 0.4374 1.94052
264.75 0.756777 0.507332
265 0.671641 -1.16235
265.25 0.222649 -2.26452
265.5 -0.352211 -2.09948
265.75 -0.729461 -0.787066
266 -0.715033 0.898049
266.25 -0.315794 2.15445
266.5 0.261051 2.22418
266.75 0.690575 1.05653
267 0.747031 -0.621988
267.25 0.403534 -2.00885
267.5 -0.165429 -2.31157
267.75 -0.640636 -1.31178
268 -0.767223 0.338027
268.25 -0.484445 1.83119
268.5 0.0669679 2.3594
268.75 0.58033 1.54869
269 0.77536 -0.0498774
269.25 0.55726 -1.62542
269.5 0.0326354 -2.36639
269.75 -0.51052 -1.76306
270 -0.771342 -0.238844
270.25 -0.620887 1.39572
270.5 -0.131655 2.33237
270.75 0.432247 1.95066
271 0.755225 0.524536
271.25 0.674409 -1.14633
271.5 0.22838 -2.25827
271.75 -0.346724 -2.1075
272 -0.727216 -0.803533
272.25 -0.717089 0.881414
272.5 -0.321164 2.14605
272.75 0.255325 2.22992
273 0.687679 1.07204
273.25 0.74836 -0.60499
273.5 0.40846 -1.99854
273.75 -0.159566 -2.31492
274 -0.637139 -1.3261
274.25 -0.767822 0.320901
274.5 -0.488855 1.81925
274.75 0.0610715 2.3603
275 0.576294 1.56161
275.25 0.775234 -0.0328449
275.5 0.561098 -1.61212
275.75 0.0384622 -2.36487
276 -0.506014 -1.77433
276.25 -0.770508 -0.255571
276.5 -0.624105 1.38134
276.75 -0.137312 2.32851
277 0.427349 1.9601
277.25 0.753707 0.54075
277.5 0.676974 -1.13114
277.75 0.233773 -2.25221
278 -0.341519 -2.11491
278.25 -0.725047 -0.819026
278.5 -0.718978 0.865667
278.75 -0.326206 2.13798
279 0.249905 2.23517
279.25 0.684899 1.0866
279.5 0.749561 -0.588926
279.75 0.413074 -1.98869
280 -0.154027 -2.31791
280.25 -0.633799 -1.33953
280.5 -0.768335 0.304741
280.75 -0.492977 1.80788
281 0.0555112 2.36099
281.25 0.572451 1.57367
281.5 0.775065 -0.0167975
281.75 0.564673 -1.59949
282 0.0439467 -2.36327
282.25 -0.501736 -1.78484
282.5 -0.769673 -0.271306
282.75 -0.627092 1.36772
283 -0.142626 2.32471
283.25 0.42271 1.96886
283.5 0.75223 0.555977
283.75 0.679331 -1.11684
284 0.238807 -2.24637
284.25 -0.336622 -2.12172
284.5 -0.722968 -0.833487
284.75 -0.720699 0.850878
285 -0.330903 2.13028
285.25 0.244816 2.23994
285.5 0.682253 1.10017
285.75 0.750637 -0.573865
286 0.417363 -1.97935
286.25 -0.148837 -2.32055
286.5 -0.630634 -1.352
286.75 -0.768765 0.289617
287 -0.496798 1.79714
287.25 0.0503111 2.36147
287.5 0.568823 1.58486
287.75 0.774858 -0.00180325
288 0.567976 -1.5876
288.25 0.0490657 -2.36162
288.5 -0.497709 -1.79455
288.75 -0.768845 -0.285984
289 -0.629841 1.35493
289.25 -0.147577 2.32101
289.5 0.418354 1.97691
289.75 0.750804 0.570157
290 0.681509 -1.10333
290.25 0.243529 -2.24074
290.5 -0.331992 -2.128
290.75 -0.720969 -0.847052
291 -0.722276 0.836922
291.25 -0.335299 2.12291
291.5 0.240015 2.24428
291.75 0.679724 1.11287
292 0.751605 -0.559678
292.25 0.421368 -1.97046
292.5 -0.143949 -2.32289
292.75 -0.627623 -1.36365
293 -0.769125 0.275392
293.25 -0.500356 1.78695
293.5 0.0454241 2.36178
293.75 0.565383 1.59528
294 0.774619 0.0122758
294.25 0.571044 -1.57636
294.5 0.0538672 -2.35993
294.75 -0.4939 -1.80356
295 -0.768025 -0.299743
295.25 -0.632383 1.34286
295.5 -0.152211 2.31741
295.75 0.414244 1.98435
296 0.749427 0.583426
296.25 0.683502 -1.09066
296.5 0.24792 -2.23537
296.75 -0.327654 -2.13373
297 -0.719064 -0.859662
297.25 -0.723705 0.82387
297.5 -0.339378 2.11593
297.75 0.235527 2.24821
298 0.67733 1.12465
298.25 0.752465 -0.546434
298.5 0.425074 -1.96207
298.75 -0.13939 -2.32493
299 -0.624784 -1.37443
299.25 -0.769418 0.262137
299.5 -0.50364 1.77737
299.75 0.040874 2.36193
300 0.562151 1.60489
300.25 0.774356 0.025372
300.5 0.573865 -1.56582
300.75 0.0583283 -2.35823
301 -0.490332 -1.81185
301.25 -0.767221 -0.312519
301.5 -0.634711 1.33159
301.75 -0.156508 2.31394
302 0.410404 1.99116
302.25 0.748107 0.595723
302.5 0.685316 -1.07885
302.75 0.251982 -2.23025
303 -0.323611 -2.13894
303.25 -0.717258 -0.871324
303.5 -0.724993 0.811726
303.75 -0.343141 2.10934
304 0.231352 2.25172
304.25 0.675075 1.13552
304.5 0.753223 -0.534136
304.75 0.428486 -1.9542
305 -0.135158 -2.32671
305.25 -0.622122 -1.38435
305.5 -0.76965 0.249853
305.75 -0.506653 1.76843
306 0.0366609 2.36195
306.25 0.559131 1.61371
306.5 0.774073 0.0374863
306.75 0.576444 -1.55601
307 0.0624498 -2.35653
307.25 -0.487008 -1.81942
307.5 -0.766441 -0.324313
307.75 -0.636829 1.32111
308 -0.160468 2.31061
308.25 0.406836 1.99736
308.5 0.746852 0.607052
308.75 0.686955 -1.06791
309 0.255717 -2.22542
309.25 -0.319863 -2.14364
309.5 -0.715557 -0.882044
309.75 -0.726144 0.800494
310 -0.346593 2.10317
310.25 0.227492 2.25485
310.5 0.672964 1.14549
310.75 0.753885 -0.522785
311 0.431605 -1.94686
311.25 -0.131256 -2.32822
311.5 -0.619641 -1.39343
311.75 -0.769827 0.238538
312 -0.5094 1.76011
312.25 0.0327847 2.36185
312.5 0.556326 1.62175
312.75 0.773776 0.0486199
313 0.578785 -1.54692
313.25 0.0662325 -2.35486
313.5 -0.483932 -1.82629
313.75 -0.765687 -0.335129
314 -0.638742 1.31143
314.25 -0.164093 2.30745
314.5 0.403544 2.00294
314.75 0.745665 0.617417
315 0.688425 -1.05783
315.25 0.259126 -2.22089
315.5 -0.316414 -2.14785
315.75 -0.713966 -0.891827
316 -0.727164 0.790177
316.25 -0.349735 2.09742
316.5 0.223949 2.25761
316.75 0.671001 1.15456
317 0.754454 -0.512384
317.25 0.434435 -1.94006
317.5 -0.127683 -2.32949
317.75 -0.617345 -1.40166
318 -0.769952 0.228194
318.25 -0.511882 1.75245
318.5 0.0292451 2.36165
318.75 0.553741 1.62901
319 0.773469 0.0587742
319.25 0.580893 -1.53857
319.5 0.0696773 -2.35322
319.75 -0.481105 -1.83247
320 -0.764965 -0.344969
320.25 -0.640454 1.30257
320.5 -0.167385 2.30446
320.75 0.400528 2.00794
321 0.744551 0.626822
321.25 0.68973 -1.04862
321.5 0.262213 -2.21667
321.75 -0.313265 -2.15158
322 -0.712487 -0.900679
322.25 -0.728057 0.780777
322.5 -0.352571 2.09211
322.75 0.220724 2.26001
323 0.669189 1.16274
323.25 0.754936 -0.502933
323.5 0.436981 -1.93382
323.75 -0.12444 -2.33054
324 -0.615237 -1.40905
324.25 -0.770031 0.218821
324.5 -0.514106 1.74544
324.75 0.026042 2.36135
325 0.551377 1.63551
325.25 0.773157 0.0679504
325.5 0.58277 -1.53096
325.75 0.0727849 -2.35164
326 -0.478531 -1.83797
326.25 -0.76428 -0.353836
326.5 -0.64197 1.29452
326.75 -0.170346 2.30167
327 0.397792 2.01235
327.25 0.743514 0.635271
327.5 0.690874 -1.04029
327.75 0.264979 -2.21278
328 -0.310417 -2.15483
328.25 -0.711125 -0.908605
328.5 -0.728827 0.772298
328.75 -0.355102 2.08724
329 0.217817 2.26206
329.25 0.667533 1.17004
329.5 0.755335 -0.494434
329.75 0.439243 -1.92814
330 -0.121527 -2.33138
330.25 -0.61332 -1.41562
330.5 -0.770067 0.210418
330.75 -0.516072 1.73909
331 0.0231751 2.36099
331.25 0.549239 1.64126
331.5 0.772843 0.0761501
331.75 0.584421 -1.5241
332 0.0755562 -2.35012
332.25 -0.476212 -1.84281
332.5 -0.763634 -0.361732
332.75 -0.643291 1.2873
333 -0.172975 2.29908
333.25 0.395336 2.0162
333.5 0.742558 0.642768
333.75 0.691861 -1.03283
334 0.267427 -2.20922
334.25 -0.307872 -2.15763
334.5 -0.709883 -0.915609
334.75 -0.729477 0.76474
335 -0.357331 2.08284
335.25 0.21523 2.26379
335.5 0.666034 1.17646
335.75 0.755654 -0.486887
336 0.441225 -1.92303
336.25 -0.118945 -2.33201
336.5 -0.611597 -1.42138
336.75 -0.770064 0.202985
337 -0.517784 1.73341
337.25 0.0206442 2.36056
337.5 0.547327 1.64626
337.75 0.772532 0.0833747
338 0.585847 -1.51799
338.25 0.077992 -2.34868
338.5 -0.47415 -1.84698
338.75 -0.763032 -0.36866
339 -0.644423 1.2809
339.25 -0.175276 2.2967
339.5 0.393164 2.01949
339.75 0.741685 0.649316
340 0.692693 -1.02626
340.25 0.269556 -2.206
340.5 -0.305631 -2.15999
340.75 -0.708765 -0.921697
341 -0.730012 0.758107
341.25 -0.35926 2.0789
341.5 0.212962 2.26519
341.75 0.664697 1.18201
342 0.755897 -0.480293
342.25 0.442929 -1.91849
342.5 -0.116693 -2.33246
342.75 -0.610071 -1.42631
343 -0.770025 0.196521
343.25 -0.519245 1.72841
343.5 0.0184487 2.36008
343.75 0.545645 1.65052
344 0.772226 0.0896256
344.25 0.587053 -1.51265
344.5 0.0800931 -2.34732
344.75 -0.472346 -1.8505
345 -0.762476 -0.374622
345.25 -0.645367 1.27533
345.5 -0.177248 2.29454
345.75 0.391274 2.02222
346 0.740899 0.654918
346.25 0.693374 -1.02057
346.5 0.27137 -2.20314
346.75 -0.303694 -2.16191
347 -0.707772 -0.926871
347.25 -0.730433 0.752397
347.5 -0.360891 2.07544
347.75 0.211015 2.26627
348 0.663523 1.1867
348.25 0.756066 -0.474651
348.5 0.444357 -1.91454
348.75 -0.114771 -2.33273
349 -0.608743 -1.43045
349.25 -0.769954 0.191026
349.5 -0.520457 1.72409
349.75 0.0165884 2.35956
350 0.544193 1.65405
350.25 0.771928 0.0949044
350.5 0.58804 -1.50806
350.75 0.0818603 -2.34606
351 -0.470802 -1.85338
351.25 -0.761968 -0.37962
351.5 -0.646126 1.27058
351.75 -0.178894 2.29262
352 0.38967 2.02441
352.25 0.740202 0.659577
352.5 0.693907 -1.01577
352.75 0.27287 -2.20064
353 -0.302062 -2.1634
353.25 -0.706906 -0.931136
353.5 -0.730744 0.747614
353.75 -0.362225 2.07246
354 0.209388 2.26706
354.25 0.662513 1.19052
354.5 0.756164 -0.469963
354.75 0.445511 -1.91118
355 -0.113181 -2.33282
355.25 -0.607615 -1.43378
355.5 -0.769851 0.186499
355.75 -0.521422 1.72045
356 0.0150627 2.359
356.25 0.542973 1.65685
356.5 0.77164 0.0992125
356.75 0.588811 -1.50425
357 0.0832943 -2.34491
357.25 -0.469518 -1.85562
357.5 -0.761511 -0.383657
357.75 -0.646702 1.26668
358 -0.180213 2.29093
358.25 0.388351 2.02607
358.5 0.739595 0.663296
358.75 0.694292 -1.01185
359 0.274056 -2.1985
359.25 -0.300735 -2.16447
359.5 -0.70617 -0.934495
359.75 -0.730946 0.743756
360 -0.363264 2.06996
360.25 0.208081 2.26754
360.5 0.66167 1.19348
360.75 0.756194 -0.466227
361 0.446393 -1.90842
361.25 -0.11192 -2.33275
361.5 -0.606689 -1.43631
361.75 -0.76972 0.182939
362 -0.522141 1.7175
362.25 0.0138714 2.35841
362.5 0.541987 1.65892
362.75 0.771363 0.102551
363 0.589367 -1.5012
363.25 0.0843958 -2.34386
363.5 -0.468496 -1.85722
363.75 -0.761106 -0.386735
364 -0.647097 1.2636
364.25 -0.181208 2.28949
364.5 0.387318 2.0272
364.75 0.73908 0.666078
365 0.694533 -1.00882
365.25 0.274931 -2.19674
365.5 -0.299715 -2.16512
365.75 -0.705565 -0.936952
366 -0.731041 0.740824
366.25 -0.364009 2.06796
366.5 0.207095 2.26774
366.75 0.660995 1.19558
367 0.756155 -0.463444
367.25 0.447004 -1.90625
367.5 -0.110989 -2.33252
367.75 -0.605964 -1.43805
368 -0.769562 0.180344
368.25 -0.522616 1.71525
368.5 0.0130138 2.3578
368.75 0.541234 1.66028
369 0.7711 0.104923
369.25 0.589709 -1.49892
369.5 0.0851654 -2.34292
369.75 -0.467737 -1.8582
370 -0.760756 -0.388855
370.25 -0.647313 1.26136
370.5 -0.181878 2.28829
370.75 0.386571 2.02779
371 0.738659 0.667924
371.25 0.69463 -1.00667
371.5 0.275494 -2.19535
371.75 -0.299 -2.16535
372 -0.705092 -0.938507
372.25 -0.731031 0.738817
372.5 -0.364461 2.06644
372.75 0.20643 2.26765
373 0.660488 1.19684
373.25 0.756051 -0.461611
373.5 0.447344 -1.90467
373.75 -0.110388 -2.33214
374 -0.605443 -1.43899
374.25 -0.769378 0.178715
374.5 -0.522849 1.71368
374.75 0.0124896 2.35717
375 0.540716 1.66092
375.25 0.770852 0.106327
375.5 0.589839 -1.49741
375.75 0.0856038 -2.3421
376 -0.467239 -1.85855
376.25 -0.760459 -0.390018
376.5 -0.647349 1.25996
376.75 -0.182225 2.28734
377 0.386111 2.02787
377.25 0.738332 0.668837
377.5 0.694584 -1.00542
377.75 0.275747 -2.19433
378 -0.298592 -2.16518
378.25 -0.704751 -0.939164
378.5 -0.730916 0.737736
378.75 -0.364621 2.06542
379 0.206085 2.26727
379.25 0.66015 1.19724
379.5 0.755881 -0.460729
379.75 0.447416 -1.9037
380 -0.110117 -2.3316
380.25 -0.605124 -1.43915
380.5 -0.769168 0.178049
380.75 -0.522839 1.7128
381 0.0122983 2.35652
381.25 0.540432 1.66085
381.5 0.770618 0.106767
381.75 0.589758 -1.49667
382 0.0857116 -2.3414
382.25 -0.467004 -1.85827
382.5 -0.760218 -0.390228
382.75 -0.647208 1.25939
383 -0.182249 2.28665
383.25 0.385937 2.02742
383.5 0.738099 0.668817
383.75 0.694397 -1.00504
384 0.27569 -2.1937
384.25 -0.298488 -2.1646
384.5 -0.704542 -0.938925
384.75 -0.730697 0.737579
385 -0.36449 2.06489
385.25 0.20606 2.26661
385.5 0.659981 1.1968
385.75 0.755646 -0.460797
386 0.447219 -1.90333
386.25 -0.110174 -2.33091
386.5 -0.605009 -1.43852
386.75 -0.768933 0.178346
387 -0.522588 1.71261
387.25 0.0124393 2.35586
387.5 0.540383 1.66007
387.75 0.770399 0.106243
388 0.589465 -1.4967
388.25 0.0854891 -2.34082
388.5 -0.467031 -1.85737
388.75 -0.760031 -0.389484
389 -0.64689 1.25966
389.25 -0.181951 2.2862
389.5 0.386049 2.02645
389.75 0.737961 0.667867
390 0.694068 -1.00556
390.25 0.275324 -2.19344
390.5 -0.29869 -2.16362
390.75 -0.704466 -0.937789
391 -0.730374 0.738344
391.25 -0.364067 2.06486
391.5 0.206355 2.26566
391.75 0.659981 1.1955
392 0.755346 -0.461813
392.25 0.446754 -1.90355
392.5 -0.11056 -2.33006
392.75 -0.605096 -1.43711
393 -0.768673 0.179604
393.25 -0.522095 1.71312
393.5 0.0129123 2.35518
393.75 0.540567 1.65858
394 0.770196 0.104756
394.25 0.588962 -1.4975
394.5 0.0849369 -2.34036
394.75 -0.46732 -1.85585
395 -0.7599 -0.387788
395.25 -0.646393 1.26076
395.5 -0.18133 2.28601
395.75 0.386446 2.02496
396 0.737916 0.665988
396.25 0.693597 -1.00696
396.5 0.274649 -2.19355
396.75 -0.299197 -2.16223
397 -0.704522 -0.935759
397.25 -0.729947 0.740031
397.5 -0.363354 2.06531
397.75 0.206968 2.26443
398 0.660149 1.19336
398.25 0.75498 -0.463775
398.5 0.44602 -1.90437
398.75 -0.111274 -2.32907
399 -0.605385 -1.43491
399.25 -0.768387 0.181821
399.5 -0.521361 1.71431
399.75 0.0137166 2.35447
400 0.540985 1.65637
400.25 0.770006 0.102308
400.5 0.588248 -1.49906
400.75 0.0840553 -2.34001
401 -0.467869 -1.85371
401.25 -0.759822 -0.385141
401.5 -0.645719 1.26269
401.75 -0.180388 2.28606
402 0.387127 2.02295
402.25 0.737964 0.663179
402.5 0.692984 -1.00923
402.75 0.273665 -2.19403
403 -0.300007 -2.16043
403.25 -0.704709 -0.932834
403.5 -0.729415 0.742637
403.75 -0.36235 2.06626
404 0.207899 2.26292
404.25 0.660483 1.19037
404.5 0.754549 -0.466682
404.75 0.445018 -1.90578
405 -0.112315 -2.32791
405.25 -0.605875 -1.43192
405.5 -0.768075 0.184997
405.75 -0.520385 1.71618
406 0.0148519 2.35375
406.25 0.541634 1.65345
406.5 0.76983 0.0989
406.75 0.587321 -1.50139
407 0.0828448 -2.33977
407.25 -0.468678 -1.85094
407.5 -0.759797 -0.381543
407.75 -0.644866 1.26544
408 -0.179124 2.28635
408.25 0.388092 2.02042
408.5 0.738104 0.659442
408.75 0.692227 -1.01239
409 0.272373 -2.19489
409.25 -0.30112 -2.15821
409.5 -0.705025 -0.929015
409.75 -0.728777 0.74616
410 -0.361055 2.06768
410.25 0.209148 2.26111
410.5 0.660983 1.18654
410.75 0.75405 -0.470532
411 0.443748 -1.90778
411.25 -0.113683 -2.3266
411.5 -0.606564 -1.42814
411.75 -0.767734 0.18913
412 -0.519167 1.71874
412.25 0.0163175 2.353
412.5 0.542514 1.64982
412.75 0.769665 0.0945329
413 0.586183 -1.50447
413.25 0.0813056 -2.33964
413.5 -0.469745 -1.84754
413.75 -0.759824 -0.376996
414 -0.643834 1.26902
414.25 -0.177539 2.28688
414.5 0.389339 2.01736
414.75 0.738334 0.654777
415 0.691326 -1.01642
415.25 0.270771 -2.1961
415.5 -0.302535 -2.15558
415.75 -0.705468 -0.924301
416 -0.728032 0.750598
416.25 -0.359468 2.06959
416.5 0.210713 2.25901
416.75 0.661648 1.18186
417 0.753483 -0.475322
417.25 0.442208 -1.91036
417.5 -0.115376 -2.32512
417.75 -0.607451 -1.42358
418 -0.767364 0.194218
418.25 -0.517705 1.72197
418.5 0.0181129 2.35221
418.75 0.543622 1.64547
419 0.76951 0.089208
419.25 0.58483 -1.50832
419.5 0.079438 -2.3396
419.75 -0.471069 -1.84352
420 -0.759899 -0.3715
420.25 -0.642621 1.27343
420.5 -0.175632 2.28764
420.75 0.390867 2.01376
421 0.738653 0.649183
421.25 0.69028 -1.02133
421.5 0.26886 -2.19767
421.75 -0.30425 -2.15253
422 -0.706038 -0.918691
422.25 -0.727177 0.755948
422.5 -0.35759 2.07197
422.75 0.212593 2.25661
423 0.662474 1.17632
423.25 0.752844 -0.481052
423.5 0.440398 -1.91352
423.75 -0.117394 -2.32346
424 -0.608534 -1.41822
424.25 -0.766962 0.20026
424.5 -0.515999 1.72587
424.75 0.0202377 2.35138
425 0.544958 1.6404
425.25 0.769363 0.0829262
425.5 0.583263 -1.51291
425.75 0.0772423 -2.33966
426 -0.472648 -1.83885
426.25 -0.760022 -0.365056
426.5 -0.641224 1.27864
426.75 -0.173404 2.28862
427 0.392674 2.00963
427.25 0.739057 0.642661
427.5 0.689085 -1.0271
427.75 0.26664 -2.19959
428 -0.306263 -2.14905
428.25 -0.706731 -0.912184
428.5 -0.726212 0.762205
428.75 -0.355418 2.07481
429 0.214787 2.2539
429.25 0.663459 1.16993
429.5 0.752132 -0.487717
429.75 0.438316 -1.91725
430 -0.119737 -2.32163
430.25 -0.60981 -1.41206
430.5 -0.766526 0.207253
430.75 -0.514047 1.73044
431 0.0226912 2.35051
431.25 0.546518 1.63461
431.5 0.769221 0.0756887
431.75 0.581479 -1.51824
432 0.0747186 -2.33981
432.25 -0.474479 -1.83355
432.5 -0.760189 -0.357663
432.75 -0.639643 1.28467
433 -0.170854 2.28982
433.25 0.394758 2.00495
433.5 0.739543 0.635209
433.75 0.68774 -1.03374
434 0.264109 -2.20185
434.25 -0.308574 -2.14514
434.5 -0.707544 -0.904778
434.75 -0.725132 0.769368
435 -0.352952 2.0781
435.25 0.217294 2.25088
435.5 0.664601 1.16269
435.75 0.751344 -0.495315
436 0.435961 -1.92154
436.25 -0.122402 -2.3196
436.5 -0.611277 -1.40511
436.75 -0.766053 0.215196
437 -0.511847 1.73566
437.25 0.0254728 2.34957
437.5 0.5483 1.62808
437.75 0.769081 0.0674966
438 0.579475 -1.52431
438.25 0.0718671 -2.34002
438.5 -0.476561 -1.8276
438.75 -0.760397 -0.349322
439 -0.637875 1.2915
439.25 -0.167982 2.29122
439.5 0.397117 1.99973
439.75 0.74011 0.626826
440 0.686241 -1.04124
440.25 0.261267 -2.20444
440.5 -0.311181 -2.14078
440.75 -0.708475 -0.896472
441 -0.723936 0.777432
441.25 -0.350192 2.08185
441.5 0.220112 2.24753
441.75 0.665896 1.15459
442 0.750477 -0.503844
442.25 0.433332 -1.92638
442.5 -0.125389 -2.31737
442.75 -0.612931 -1.39736
443 -0.765539 0.224086
443.25 -0.509397 1.74153
443.5 0.0285819 2.34856
443.75 0.550302 1.62082
444 0.768939 0.0583509
444.25 0.57725 -1.53111
444.5 0.068688 -2.3403
444.75 -0.478891 -1.82099
445 -0.760642 -0.340033
445.25 -0.635916 1.29913
445.5 -0.164787 2.29281
445.75 0.399748 1.99394
446 0.740752 0.617513
446.25 0.684587 -1.04959
446.5 0.258113 -2.20734
446.75 -0.314081 -2.13597
447 -0.709519 -0.887264
447.25 -0.722619 0.786392
447.5 -0.347135 2.08602
447.75 0.223239 2.24384
448 0.667341 1.14563
448.25 0.749527 -0.513299
448.5 0.430426 -1.93177
448.75 -0.128697 -2.31493
449 -0.61477 -1.38879
449.25 -0.76498 0.233922
449.5 -0.506696 1.74803
449.75 0.0320178 2.34747
450 0.552519 1.61282
450.25 0.768792 0.0482528
450.5 0.574801 -1.53863
450.75 0.0651814 -2.34062
451 -0.481465 -1.81373
451.25 -0.760921 -0.329795
451.5 -0.633765 1.30755
451.75 -0.16127 2.29458
452 0.402649 1.98758
452.25 0.741467 0.607267
452.5 0.682773 -1.05879
452.75 0.254646 -2.21054
453 -0.317271 -2.13069
453.25 -0.710674 -0.87715
453.5 -0.721179 0.796243
453.75 -0.34378 2.09062
454 0.226675 2.2398
454.25 0.668932 1.1358
454.5 0.748491 -0.523678
454.75 0.427243 -1.93768
455 -0.132325 -2.31226
455.25 -0.616789 -1.37941
455.5 -0.764373 0.2447
455.75 -0.503739 1.75516
456 0.0357798 2.34628
456.25 0.554948 1.60407
456.5 0.768635 0.0372035
456.75 0.572125 -1.54687
457 0.0613474 -2.34098
457.25 -0.48428 -1.80579
457.5 -0.761229 -0.31861
457.75 -0.631417 1.31676
458 -0.157429 2.29652
458.25 0.405817 1.98064
458.5 0.74225 0.596087
458.75 0.680796 -1.06883
459 0.250866 -2.21404
459.25 -0.32075 -2.12494
459.5 -0.711933 -0.866129
459.75 -0.719611 0.806981
460 -0.340125 2.09563
460.25 0.230415 2.23539
460.5 0.670665 1.1251
460.75 0.747364 -0.534976
461 0.423778 -1.94412
461.25 -0.13627 -2.30936
461.5 -0.618984 -1.36922
461.75 -0.763714 0.256419
462 -0.500526 1.76291
462.25 0.039867 2.34498
462.5 0.557586 1.59457
462.75 0.768464 0.0252043
463 0.569219 -1.5558
463.25 0.0571863 -2.34136
463.5 -0.487333 -1.79717
463.75 -0.761562 -0.306476
464 -0.628869 1.32674
464.25 -0.153265 2.2986
464.5 0.409249 1.97311
464.75 0.743095 0.583972
465 0.678652 -1.0797
465.25 0.24677 -2.21781
465.5 -0.324516 -2.11869
465.75 -0.713293 -0.854196
466 -0.71791 0.8186
466.25 -0.336169 2.10103
466.5 0.23446 2.23061
466.75 0.672535 1.11353
467 0.746141 -0.547189
467.25 0.420031 -1.95106
467.5 -0.140532 -2.30619
467.75 -0.621351 -1.35819
468 -0.762997 0.269076
468.25 -0.497052 1.77127
468.5 0.0442786 2.34355
468.75 0.560429 1.58429
469 0.768274 0.0122565
469.25 0.566078 -1.56543
469.5 0.0526981 -2.34173
469.75 -0.49062 -1.78786
470 -0.761914 -0.293393
470.25 -0.626116 1.33748
470.5 -0.148776 2.30081
470.75 0.412941 1.96498
471 0.743998 0.570919
471.25 0.676337 -1.0914
471.5 0.242358 -2.22184
471.75 -0.328564 -2.11194
472 -0.714749 -0.841348
472.25 -0.716073 0.831094
472.5 -0.33191 2.10681
472.75 0.238805 2.22543
473 0.674537 1.10107
473.25 0.744818 -0.560313
473.5 0.415998 -1.95849
473.75 -0.145109 -2.30275
474 -0.623885 -1.34633
474.25 -0.762216 0.282667
474.5 -0.493314 1.78021
474.75 0.0490136 2.34196
475 0.563471 1.57325
475.25 0.768059 -0.00163843
475.5 0.5627 -1.57573
475.75 0.0478832 -2.34209
476 -0.494138 -1.77785
476.25 -0.76228 -0.279363
476.5 -0.623156 1.34898
476.75 -0.143963 2.30313
477 0.41689 1.95623
477.25 0.744954 0.556928
477.5 0.673844 -1.10392
477.75 0.237628 -2.22611
478 -0.332891 -2.10467
478.25 -0.716295 -0.827583
478.5 -0.714093 0.844455
478.75 -0.327345 2.11295
479 0.24345 2.21985
479.25 0.676666 1.08773
479.5 0.743389 -0.574342
479.75 0.411676 -1.96639
480 -0.149999 -2.29901
480.25 -0.62658 -1.33364
480.5 -0.761367 0.297189
480.75 -0.48931 1.78974
481 0.054071 2.34022
481.25 0.566708 1.56142
481.5 0.767814 -0.0164788
481.75 0.559081 -1.58671
482 0.0427417 -2.34241
482.25 -0.49788 -1.76713
482.5 -0.762655 -0.264383
482.75 -0.619982 1.36122
483 -0.138824 2.30555
483.25 0.421092 1.94685
483.5 0.745956 0.541995
483.75 0.671171 -1.11725
484 0.232579 -2.23059
484.25 -0.337496 -2.09687
484.5 -0.717925 -0.812895
484.75 -0.711967 0.858677
485 -0.322473 2.11943
485.25 0.24839 2.21383
485.5 0.678916 1.0735
485.75 0.741847 -0.589271
486 0.407064 -1.97475
486.25 -0.1552 -2.29497
486.5 -0.629433 -1.32009
486.75 -0.760444 0.312639
487 -0.485035 1.79982
487.25 0.0594496 2.33828
487.5 0.570134 1.54879
487.75 0.767532 -0.0322627
488 0.555215 -1.59833
488.25 0.037274 -2.34267
488.5 -0.501843 -1.75568
488.75 -0.76303 -0.248455
489 -0.61659 1.3742
489.25 -0.133359 2.30803
489.5 0.425542 1.93683
489.75 0.746998 0.52612
490 0.66831 -1.13138
490.25 0.22721 -2.23528
490.5 -0.342372 -2.08851
490.75 -0.719633 -0.797282
491 -0.709686 0.873752
491.25 -0.317291 2.12624
491.5 0.253623 2.20737
491.75 0.681281 1.05837
492 0.740188 -0.605094
492.25 0.402156 -1.98355
492.5 -0.16071 -2.29059
492.75 -0.632435 -1.30568
493 -0.759439 0.329012
493.25 -0.480485 1.81045
493.5 0.0651481 2.33613
493.75 0.573745 1.53536
494 0.767207 -0.0489883
494.25 0.551099 -1.6106
494.5 0.0314805 -2.34285
494.75 -0.506021 -1.74349
495 -0.763401 -0.231578
495.25 -0.612976 1.3879
495.5 -0.127567 2.31057
495.75 0.430235 1.92614
496 0.748073 0.509301
496.25 0.665257 -1.14629
496.5 0.221519 -2.24015
496.75 -0.347518 -2.07958
497 -0.721413 -0.780739
497.25 -0.707247 0.889672
497.5 -0.311796 2.13335
497.75 0.259147 2.20044
498 0.683754 1.04234
498.25 0.738405 -0.621805
498.5 0.396951 -1.99277
498.75 -0.166526 -2.28586
499 -0.635582 -1.29041
499.25 -0.758347 0.346305
499.5 -0.475657 1.8216
499.75 0.071165 2.33375
500 0.577534 1.52112
500.25 0.766831 -0.0666532
500.5 0.546727 -1.62349
500.75 0.0253616 -2.34292
501 -0.510409 -1.73054
501.25 -0.76376 -0.213753
501.5 -0.609133 1.4023
501.75 -0.121449 2.31313
502 0.435168 1.91477
502.25 0.749175 0.491535
502.5 0.662006 -1.16198
502.75 0.215504 -2.24516
503 -0.352928 -2.07007
503.25 -0.723256 -0.763263
503.5 -0.704641 0.906428
503.75 -0.305987 2.14074
504 0.264956 2.19302
504.25 0.686329 1.0254
504.5 0.736491 -0.639398
504.75 0.391445 -2.00238
505 -0.172647 -2.28075
505.25 -0.638866 -1.27427
505.5 -0.757159 0.364513
505.75 -0.470545 1.83326
506 0.0774988 2.33112
506.25 0.581495 1.50605
506.5 0.766398 -0.0852548
506.75 0.542095 -1.63698
507 0.0189179 -2.34286
507.25 -0.515002 -1.71683
507.5 -0.764099 -0.19498
507.75 -0.605055 1.4174
508 -0.115003 2.31569
508.25 0.440335 1.90271
508.5 0.750295 0.472821
508.75 0.65855 -1.17844
509 0.209164 -2.25031
509.25 -0.358599 -2.05994
509.5 -0.725157 -0.744848
509.75 -0.701863 0.924009
510 -0.29986 2.14838
510.25 0.271048 2.18508
510.5 0.688998 1.00754
510.75 0.734438 -0.657864
511 0.385634 -2.01238
511.25 -0.179068 -2.27524
511.5 -0.642281 -1.25724
511.75 -0.755869 0.38363
512 -0.465147 1.84541
512.25 0.0841478 2.3282
512.5 0.585621 1.49013
512.75 0.765899 -0.10479
513 0.537197 -1.65107
513.25 0.0121502 -2.34265
513.5 -0.519792 -1.70234
513.75 -0.764411 -0.17526
514 -0.600738 1.43317
514.25 -0.108229 2.31822
514.5 0.445729 1.88994
514.75 0.751426 0.453156
515 0.654882 -1.19566
515.25 0.202498 -2.25556
515.5 -0.364525 -2.04919
515.75 -0.727106 -0.725492
516 -0.698905 0.942406
516.25 -0.293414 2.15626
516.5 0.27742 2.17662
516.75 0.691753 0.988759
517 0.732239 -0.677196
517.25 0.379516 -2.02272
517.5 -0.185788 -2.2693
517.75 -0.645819 -1.23931
518 -0.754469 0.403651
518.25 -0.459457 1.85803
518.5 0.0911099 2.32497
518.75 0.589906 1.47337
519 0.765328 -0.125257
519.25 0.532029 -1.66572
519.5 0.00505925 -2.34225
519.75 -0.524774 -1.68704
520 -0.764687 -0.154594
520.25 -0.596175 1.44961
520.5 -0.101127 2.3207
520.75 0.451346 1.87644
521 0.75256 0.432541
521.25 0.650997 -1.21361
521.5 0.195504 -2.26089
521.75 -0.3707 -2.03778
522 -0.729096 -0.705189
522.25 -0.69576 0.961608
522.5 -0.286645 2.16434
522.75 0.284065 2.1676
523 0.694587 0.969047
523.25 0.729886 -0.697385
523.5 0.373085 -2.0334
523.75 -0.192803 -2.26291
524 -0.649472 -1.22049
524.25 -0.752951 0.424569
524.5 -0.453471 1.87109
524.75 0.098383 2.3214
525 0.594341 1.45574
525.25 0.764674 -0.14665
525.5 0.526584 -1.68092
525.75 -0.00235391 -2.34163
526 -0.529941 -1.67094
526.25 -0.764919 -0.132982
526.5 -0.591359 1.46668
526.75 -0.0936966 2.32309
527 0.457179 1.86219
527.25 0.753687 0.410972
527.5 0.646886 -1.23228
527.75 0.188181 -2.26627
528 -0.377121 -2.0257
528.25 -0.731118 -0.683936
528.5 -0.69242 0.981601
528.75 -0.279552 2.1726
529 0.290981 2.15799
529.25 0.697491 0.948398
529.5 0.727372 -0.718423
529.75 0.366339 -2.04437
530 -0.200109 -2.25604
530.25 -0.653232 -1.20075
530.5 -0.751305 0.44638
530.75 -0.447183 1.88457
531 0.105965 2.31747
531.25 0.598919 1.43724
531.5 0.76393 -0.168966
531.75 0.520857 -1.69665
532 -0.0100881 -2.34078
532.25 -0.535285 -1.65401
532.5 -0.765098 -0.110426
532.75 -0.586283 1.48438
533 -0.0859379 2.32537
533.25 0.463222 1.84717
533.5 0.754799 0.388449
533.75 0.642543 -1.25166
534 0.180527 -2.27166
534.25 -0.38378 -2.01293
534.5 -0.733163 -0.66173
534.75 -0.688878 1.00237
535 -0.272131 2.181
535.25 0.298162 2.14778
535.5 0.700456 0.926806
535.75 0.724687 -0.740298
536 0.359274 -2.05563
536.25 -0.207703 -2.24866
536.5 -0.657091 -1.18009
536.75 -0.749523 0.469074
537 -0.44059 1.89845
537.25 0.113852 2.31315
537.5 0.603632 1.41784
537.75 0.763085 -0.192201
538 0.514842 -1.71289
538.25 -0.0181419 -2.33965
538.5 -0.540798 -1.63623
538.75 -0.765214 -0.0869286
539 -0.580942 1.50269
539.25 -0.0778508 2.3275
539.5 0.469467 1.83136
539.75 0.755887 0.364972
540 0.63796 -1.27174
540.25 0.172542 -2.27703
540.5 -0.390673 -1.99944
540.75 -0.735221 -0.638565
541 -0.685124 1.02391
541.25 -0.26438 2.18952
541.5 0.305603 2.13694
541.75 0.703472 0.904264
542 0.721823 -0.763
542.25 0.351886 -2.06712
542.5 -0.21558 -2.24075
542.75 -0.661039 -1.1585
543 -0.747596 0.492644
543.25 -0.433686 1.91269
543.5 0.122043 2.30839
543.75 0.608472 1.39755
544 0.762132 -0.216349
544.25 0.508533 -1.7296
544.5 -0.0265137 -2.33821
544.75 -0.546473 -1.61759
545 -0.765257 -0.0624912
545.25 -0.575329 1.52158
545.5 -0.0694358 2.32945
545.75 0.475907 1.81474
546 0.75694 0.340538
546.25 0.633129 -1.29249
546.5 0.164223 -2.28236
546.75 -0.397791 -1.98521
547 -0.737283 -0.614439
547.25 -0.681151 1.0462
547.5 -0.256296 2.19813
547.75 0.313298 2.12543
548 0.706531 0.880765
548.25 0.718771 -0.786518
548.5 0.344172 -2.07884
548.75 -0.223737 -2.23227
549 -0.665067 -1.13596
549.25 -0.745515 0.517082
549.5 -0.426467 1.92727
549.75 0.130534 2.30318
550 0.613428 1.37633
550.25 0.761059 -0.241406
550.5 0.501924 -1.74678
550.75 -0.0352017 -2.33643
551 -0.552302 -1.59807
551.25 -0.765218 -0.0371168
551.5 -0.569435 1.54103
551.75 -0.0606931 2.33119
552 0.482534 1.7973
552.25 0.757948 0.315149
552.5 0.628042 -1.31389
552.75 0.155571 -2.28761
553 -0.405129 -1.97022
553.25 -0.739339 -0.589349
553.5 -0.67695 1.06923
553.75 -0.247878 2.20679
554 0.321242 2.11324
554.25 0.709621 0.856303
554.5 0.715521 -0.81084
554.75 0.336127 -2.09073
555 -0.232168 -2.22319
555.25 -0.669166 -1.11247
555.5 -0.743269 0.542379
555.75 -0.418926 1.94217
556 0.139321 2.29747
556.25 0.618492 1.35419
556.5 0.759856 -0.267364
556.75 0.495009 -1.76438
557 -0.0442037 -2.33428
557.25 -0.558274 -1.57765
557.5 -0.765086 -0.0108085
557.75 -0.563254 1.56102
558 -0.0516236 2.33268
558.25 0.48934 1.779
558.5 0.758901 0.288805
558.75 0.622691 -1.33593
559 0.146584 -2.29273
559.25 -0.412678 -1.95443
559.5 -0.741378 -0.563292
559.75 -0.672512 1.09298
560 -0.239123 2.21546
560.25 0.329428 2.10033
560.5 0.712733 0.830871
560.75 0.712064 -0.83595
561 0.327748 -2.10278
561.25 -0.240869 -2.21349
561.5 -0.673324 -1.08803
561.75 -0.740848 0.568524
562 -0.41106 1.95734
562.25 0.148401 2.29124
562.5 0.623654 1.33111
562.75 0.758513 -0.294216
563 0.487782 -1.78238
563.25 -0.0535174 -2.33171
563.5 -0.564381 -1.55633
563.75 -0.76485 0.0164299
564 -0.556778 1.58153
564.25 -0.0422282 2.33388
564.5 0.496317 1.75984
564.75 0.759787 0.261505
565 0.617068 -1.35858
565.25 0.137262 -2.2977
565.5 -0.420432 -1.93783
565.75 -0.743388 -0.536265
566 -0.667827 1.11742
566.25 -0.230029 2.22412
566.5 0.33785 2.08668
566.75 0.715855 0.804465
567 0.708389 -0.861837
567.25 0.319032 -2.11494
567.5 -0.249833 -2.20312
567.75 -0.677531 -1.06261
568 -0.738242 0.595505
568.25 -0.402863 1.97276
568.5 0.157769 2.28445
568.75 0.628904 1.30707
569 0.757019 -0.321956
569.25 0.480235 -1.80076
569.5 -0.06314 -2.32869
569.75 -0.570614 -1.53407
570 -0.764499 0.044594
570.25 -0.550001 1.60252
570.5 -0.032508 2.33475
570.75 0.503456 1.73978
571 0.760595 0.233252
571.25 0.611164 -1.38183
571.5 0.127605 -2.30248
571.75 -0.428382 -1.92039
572 -0.745358 -0.508266
572.25 -0.662887 1.14255
572.5 -0.220594 2.23271
572.75 0.3465 2.07225
573 0.718976 0.777078
573.25 0.704488 -0.888483
573.5 0.309974 -2.12718
573.75 -0.259055 -2.19206
574 -0.681776 -1.03621
574.25 -0.735439 0.623313
574.5 -0.39433 1.98839
574.75 0.167421 2.27706
575 0.63423 1.28206
575.25 0.755363 -0.350575
575.5 0.472364 -1.81948
575.75 -0.0730684 -2.32519
576 -0.576961 -1.51087
576.25 -0.76402 0.0736787
576.5 -0.542914 1.62397
576.75 -0.0224646 2.33525
577 0.510746 1.71882
577.25 0.761313 0.204047
577.5 0.604971 -1.40564
577.75 0.117612 -2.30702
578 -0.43652 -1.90209
578.25 -0.747277 -0.479293
578.5 -0.657681 1.16834
578.75 -0.210817 2.24121
579 0.35537 2.05702
579.25 0.722085 0.748705
579.5 0.700348 -0.915873
579.75 0.300573 -2.13946
580 -0.268528 -2.18028
580.25 -0.686048 -1.00883
580.5 -0.73243 0.651933
580.75 -0.385457 2.0042
581 0.177352 2.26904
581.25 0.639622 1.25607
581.5 0.753532 -0.380062
581.75 0.464161 -1.8385
582 -0.0832992 -2.32116
582.25 -0.583412 -1.4867
582.5 -0.763403 0.103678
582.75 -0.53551 1.64584
583 -0.0120997 2.33535
583.25 0.518178 1.69692
583.5 0.76193 0.173892
583.75 0.598479 -1.42999
584 0.107283 -2.31128
584.25 -0.444836 -1.8829
584.5 -0.749132 -0.449345
584.75 -0.6522 1.19477
585 -0.200694 2.24956
585.25 0.364454 2.04096
585.5 0.725168 0.719342
585.75 0.69596 -0.943988
586 0.290823 -2.15174
586.25 -0.278247 -2.16774
586.5 -0.690334 -0.980444
586.75 -0.729202 0.681351
587 -0.376239 2.02015
587.25 0.187556 2.26034
587.5 0.645068 1.22908
587.75 0.751516 -0.41041
588 0.45562 -1.8578
588.25 -0.0938286 -2.31656
588.5 -0.589957 -1.46156
588.75 -0.762635 0.134586
589 -0.527781 1.66812
589.25 -0.00141553 2.335
589.5 0.525742 1.67406
589.75 0.762432 0.14279
590 0.59168 -1.45485
590.25 0.0966192 -2.31522
590.5 -0.45332 -1.86279
590.75 -0.750911 -0.418423
591 -0.646434 1.22181
591.25 -0.190227 2.25774
591.5 0.373742 2.02404
591.75 0.728214 0.688984
592 0.691313 -0.97281
592.25 0.280723 -2.16397
592.5 -0.288203 -2.15441
592.75 -0.694622 -0.951058
593 -0.725744 0.711553
593.25 -0.36667 2.0362
593.5 0.198028 2.25094
593.75 0.650555 1.2011
594 0.749302 -0.441605
594.25 0.446736 -1.87733
594.5 -0.104652 -2.31135
594.75 -0.596583 -1.43542
595 -0.761704 0.166395
595.25 -0.519719 1.69076
595.5 0.00958534 2.33416
595.75 0.533427 1.65023
596 0.762806 0.110745
596.25 0.584565 -1.4802
596.5 0.0856211 -2.3188
596.75 -0.461964 -1.84174
597 -0.752599 -0.386525
597.25 -0.640372 1.24945
597.5 -0.179412 2.26568
597.75 0.383225 2.00623
598 0.73121 0.657629
598.25 0.686395 -1.00232
598.5 0.27027 -2.17613
598.75 -0.298388 -2.14024
599 -0.698899 -0.920659
599.25 -0.722044 0.742523
599.5 -0.356747 2.0523
599.75 0.208762 2.24079
600 0.656072 1.17209
600.25 0.746877 -0.473636
600.5 0.437501 -1.89706
600.75 -0.115766 -2.3055
601 -0.603278 -1.40826
601.25 -0.760596 0.199096
601.5 -0.511318 1.71374
601.75 0.0209 2.33278
602 0.54122 1.62541
602.25 0.76304 0.0777623
602.5 0.577125 -1.506
602.75 0.07429 -2.32197
603 -0.470756 -1.81973
603.25 -0.754185 -0.353652
603.5 -0.634005 1.27765
603.75 -0.168251 2.27336
604 0.392895 1.98749
604.25 0.734141 0.625272
604.5 0.681196 -1.03249
604.75 0.25946 -2.18815
605 -0.308796 -2.12522
605.25 -0.703152 -0.889241
605.5 -0.71809 0.774242
605.75 -0.346465 2.06843
606 0.219751 2.22986
606.25 0.661604 1.14206
606.5 0.744229 -0.506489
606.75 0.427911 -1.91695
607 -0.127164 -2.29895
607.25 -0.61003 -1.38008
607.5 -0.759297 0.23268
607.75 -0.502568 1.73701
608 0.0325251 2.33082
608.25 0.549112 1.59957
608.5 0.76312 0.0438464
608.75 0.569351 -1.53223
609 0.0626272 -2.32469
609.25 -0.479685 -1.79672
609.5 -0.755654 -0.319808
609.75 -0.627322 1.30639
610 -0.156741 2.28071
610.25 0.40274 1.9678
610.5 0.736994 0.591912
610.75 0.675704 -1.06331
611 0.248292 -2.2
611.25 -0.319416 -2.1093
611.5 -0.707366 -0.856797
611.75 -0.71387 0.806693
612 -0.33582 2.08452
612.25 0.230987 2.2181
612.5 0.66714 1.11099
612.75 0.741344 -0.540151
613 0.417958 -1.93696
613.25 -0.138841 -2.29167
613.5 -0.616826 -1.35086
613.75 -0.757796 0.267137
614 -0.493464 1.76054
614.25 0.0444567 2.32824
614.5 0.557088 1.5727
614.75 0.763031 0.00900401
615 0.561233 -1.55885
615.25 0.0506347 -2.3269
615.5 -0.488739 -1.7727
615.75 -0.756992 -0.284992
616 -0.620314 1.33565
616.25 -0.144884 2.28769
616.5 0.412751 1.94713
616.75 0.739755 0.557547
617 0.669908 -1.09474
617.25 0.236765 -2.21162
617.5 -0.33024 -2.09244
617.75 -0.711529 -0.823323
618 -0.709371 0.839855
618.25 -0.324808 2.10054
618.5 0.242462 2.20547
618.75 0.672664 1.07887
619 0.738211 -0.574605
619.25 0.407638 -1.95704
619.5 -0.150791 -2.28361
619.75 -0.623652 -1.32059
620 -0.756077 0.302456
620.25 -0.483996 1.78428
620.5 0.0566905 2.32498
620.75 0.565136 1.54477
621 0.76276 -0.0267576
621.25 0.552764 -1.58581
621.5 0.038315 -2.32855
621.75 -0.497907 -1.74764
622 -0.758184 -0.24921
622.25 -0.612969 1.36537
622.5 -0.13268 2.29426
622.75 0.422916 1.92544
623 0.742408 0.522176
623.25 0.663795 -1.12676
623.5 0.224875 -2.22297
623.75 -0.341258 -2.07462
624 -0.715624 -0.788813
624.25 -0.704581 0.873706
624.5 -0.313425 2.11643
624.75 0.254169 2.19194
625 0.678162 1.04569
625.25 0.734814 -0.609834
625.5 0.396944 -1.97714
625.75 -0.163007 -2.27473
626 -0.630495 -1.28924
626.25 -0.754127 0.338623
626.5 -0.474159 1.8082
626.75 0.0692217 2.32099
627 0.573242 1.51577
627.25 0.762292 -0.0634299
627.5 0.543933 -1.6131
627.75 0.0256709 -2.3296
628 -0.507176 -1.72151
628.25 -0.759216 -0.212465
628.5 -0.605277 1.39555
628.75 -0.120129 2.30035
629 0.433224 1.90272
629.25 0.74494 0.4858
629.5 0.657355 -1.15934
629.75 0.212622 -2.23399
630 -0.352459 -2.0558
630.25 -0.719638 -0.753263
630.5 -0.699487 0.908223
630.75 -0.301669 2.13215
631 0.266099 2.17747
631.25 0.68362 1.01145
631.5 0.73114 -0.64582
631.75 0.385872 -1.99723
632 -0.175482 -2.26498
632.25 -0.637339 -1.25681
632.5 -0.75193 0.375625
632.75 -0.463944 1.83225
633 0.0820448 2.31624
633.25 0.581393 1.48568
633.5 0.761611 -0.101003
633.75 0.534732 -1.64066
634 0.0127059 -2.33
634.25 -0.516533 -1.6943
634.5 -0.760072 -0.174763
634.75 -0.597227 1.42613
635 -0.107233 2.30593
635.25 0.443662 1.87893
635.5 0.747334 0.448419
635.75 0.650575 -1.19246
636 0.200005 -2.24464
636.25 -0.363833 -2.03594
636.5 -0.723554 -0.71667
636.75 -0.694075 0.943381
637 -0.289536 2.14764
637.25 0.278241 2.16201
637.5 0.689022 0.976128
637.75 0.727176 -0.682542
638 0.374416 -2.01725
638.25 -0.188207 -2.25432
638.5 -0.644169 -1.22328
638.75 -0.749474 0.413446
639 -0.453345 1.85639
639.25 0.0951538 2.31066
639.5 0.589574 1.45447
639.75 0.760703 -0.139467
640 0.525152 -1.66845
640.25 -0.000576057 -2.32969
640.5 -0.525964 -1.66598
640.75 -0.760736 -0.13611
641 -0.58881 1.45709
641.25 -0.0939938 2.31092
641.5 0.454218 1.85403
641.75 0.749575 0.410036
642 0.643444 -1.22607
642.25 0.187024 -2.25485
642.5 -0.375368 -2.01501
642.75 -0.727356 -0.679032
643 -0.688333 0.979154
643.25 -0.277023 2.16286
643.5 0.290586 2.14553
643.75 0.694351 0.93973
644 0.722907 -0.71998
644.25 0.362572 -2.03714
644.5 -0.201175 -2.24269
644.75 -0.650971 -1.18864
645 -0.746742 0.45207
645.25 -0.442355 1.88056
645.5 0.108542 2.30422
645.75 0.59777 1.42215
646 0.759553 -0.178809
646.25 0.515185 -1.69643
646.5 -0.0141704 -2.32861
646.75 -0.535454 -1.63652
647 -0.761192 -0.0965142
647.25 -0.580015 1.48838
647.5 -0.0804137 2.31528
647.75 0.464878 1.82801
648 0.751645 0.370655
648.25 0.63595 -1.26016
648.5 0.173679 -2.26457
648.75 -0.387051 -1.99297
649 -0.731028 -0.640347
649.25 -0.682249 1.01551
649.5 -0.264129 2.17774
649.75 0.303123 2.12798
650 0.699593 0.902247
650.25 0.71832 -0.758109
650.5 0.350335 -2.05687
650.75 -0.214377 -2.23007
651 -0.657728 -1.15289
651.25 -0.743719 0.491478
651.5 -0.430968 1.90472
651.75 0.122203 2.29685
652 0.605966 1.38868
652.25 0.758143 -0.219016
652.5 0.504822 -1.72456
652.75 -0.028072 -2.32672
653 -0.544989 -1.60591
653.25 -0.761425 -0.0559837
653.5 -0.570831 1.51997
653.75 -0.0664957 2.31895
654 0.475629 1.80084
654.25 0.753529 0.330278
654.5 0.628081 -1.29467
654.75 0.159971 -2.27374
655 -0.39887 -1.9698
655.25 -0.734554 -0.600616
655.5 -0.675807 1.05243
655.75 -0.250853 2.19222
656 0.315841 2.10933
656.25 0.704729 0.863672
656.5 0.713399 -0.796905
656.75 0.337702 -2.07636
657 -0.227802 -2.2164
657.25 -0.664423 -1.11601
657.5 -0.74039 0.53165
657.75 -0.419177 1.92882
658 0.136127 2.28852
658.25 0.614145 1.35406
658.5 0.756459 -0.260072
658.75 0.494055 -1.75278
659 -0.0422749 -2.32396
659.25 -0.554553 -1.57413
659.5 -0.761417 -0.014529
659.75 -0.56125 1.5518
660 -0.0522434 2.32187
660.25 0.486455 1.77249
660.5 0.75521 0.288913
660.75 0.619825 -1.32958
661 0.145901 -2.2823
661.25 -0.410812 -1.94546
661.5 -0.737915 -0.559839
661.75 -0.668997 1.08986
662 -0.237191 2.20625
662.25 0.328727 2.08954
662.5 0.709743 0.824002
662.75 0.70813 -0.836341
663 0.324669 -2.09556
663.25 -0.24144 -2.20163
663.5 -0.671039 -1.07799
663.75 -0.736741 0.572565
664 -0.406977 1.95279
664.25 0.150307 2.27916
664.5 0.62229 1.31826
664.75 0.754483 -0.301962
665 0.482876 -1.78105
665.25 -0.0567726 -2.32028
665.5 -0.56413 -1.54115
665.75 -0.761151 0.0278381
666 -0.55126 1.58384
666.25 -0.0376611 2.32399
666.5 0.497342 1.74293
666.75 0.75667 0.246566
667 0.611171 -1.36484
667.25 0.13147 -2.2902
667.5 -0.422861 -1.91991
667.75 -0.741095 -0.518019
668 -0.661803 1.12779
668.25 -0.223146 2.21977
668.5 0.341768 2.06857
668.75 0.714617 0.783236
669 0.7025 -0.876387
669.25 0.311233 -2.11442
669.5 -0.25528 -2.18573
669.75 -0.677559 -1.03883
670 -0.732754 0.6142
670.25 -0.394363 1.97658
670.5 0.164734 2.26873
670.75 0.630384 1.28128
671 0.7522 -0.344666
671.25 0.471277 -1.80931
671.5 -0.071558 -2.31561
671.75 -0.573703 -1.50696
672 -0.760611 0.0711045
672.25 -0.540852 1.61603
672.5 -0.0227537 2.32523
672.75 0.508273 1.71214
673 0.757891 0.203245
673.25 0.602107 -1.40041
673.5 0.116681 -2.29737
673.75 -0.435004 -1.89313
674 -0.744076 -0.475159
674.25 -0.654213 1.16617
674.5 -0.208715 2.23272
674.75 0.354951 2.04638
675 0.719333 0.741372
675.25 0.696492 -0.917013
675.5 0.297392 -2.13286
675.75 -0.26931 -2.16864
676 -0.683964 -0.99852
676.25 -0.728414 0.656528
676.5 -0.381329 2.00014
676.75 0.179396 2.25718
677 0.63841 1.24311
677.25 0.749593 -0.388166
677.5 0.459252 -1.83751
677.75 -0.0866229 -2.30991
678 -0.583255 -1.47154
678.25 -0.759778 0.115256
678.5 -0.530017 1.64833
678.75 -0.00752697 2.32556
679 0.519232 1.6801
679.25 0.758855 0.15896
679.5 0.592622 -1.43624
679.75 0.101538 -2.30374
680 -0.447224 -1.86509
680.25 -0.746838 -0.431265
680.5 -0.646214 1.20496
680.75 -0.1939 2.24502
681 0.368262 2.02293
681.25 0.723872 0.698409
681.5 0.690093 -0.958186
681.75 0.283143 -2.15084
682 -0.283517 -2.15033
682.25 -0.690237 -0.957054
682.5 -0.723706 0.699523
682.75 -0.367871 2.0234
683 0.194283 2.24445
683.25 0.646349 1.20374
683.5 0.746644 -0.43244
683.75 0.446793 -1.86558
684 -0.101959 -2.30311
684.25 -0.592768 -1.43488
684.5 -0.758636 0.160275
684.75 -0.518746 1.68068
685 0.0080127 2.32489
685.25 0.530202 1.64678
685.5 0.759545 0.113723
685.75 0.582705 -1.47229
686 0.0860449 -2.30926
686.25 -0.459506 -1.83575
686.5 -0.749363 -0.386343
686.75 -0.637793 1.24412
687 -0.178703 2.25662
687.25 0.381686 1.99819
687.5 0.728215 0.65435
687.75 0.683288 -0.999869
688 0.268485 -2.16827
688.25 -0.297887 -2.13074
688.5 -0.696358 -0.914431
688.75 -0.718613 0.743156
689 -0.353985 2.0463
689.25 0.209384 2.23051
689.5 0.654182 1.16315
689.75 0.743337 -0.477462
690 0.433895 -1.89347
690.25 -0.117555 -2.29517
690.5 -0.602224 -1.39695
690.75 -0.757166 0.206144
691 -0.50703 1.71303
691.25 0.023858 2.32317
691.5 0.541164 1.61217
691.75 0.75994 0.0675463
692 0.572344 -1.50851
692.25 0.0702057 -2.31385
692.5 -0.471832 -1.8051
692.75 -0.751632 -0.3404
693 -0.628938 1.28361
693.25 -0.163125 2.26744
693.5 0.395206 1.97212
693.75 0.732344 0.609198
694 0.676063 -1.04203
694.25 0.253419 -2.18509
694.5 -0.312407 -2.10985
694.75 -0.702307 -0.870648
695 -0.71312 0.787393
695.25 -0.339668 2.06877
695.5 0.224686 2.21529
695.75 0.66189 1.12134
696 0.739654 -0.523209
696.25 0.42055 -1.92112
696.5 -0.133403 -2.28601
696.75 -0.611604 -1.35776
697 -0.755349 0.252842
697.25 -0.49486 1.74531
697.5 0.0400008 2.32034
697.75 0.552101 1.57624
698 0.760023 0.0204449
698.25 0.561529 -1.54484
698.5 0.0540264 -2.31745
698.75 -0.484185 -1.77309
699 -0.753626 -0.293447
699.25 -0.619634 1.32337
699.5 -0.14717 2.27742
699.75 0.408806 1.94469
700 0.736237 0.562957
700.25 0.668403 -1.08461
700.5 0.237943 -2.20124
700.75 -0.327061 -2.0876
701 -0.708064 -0.825704
701.25 -0.70721 0.832202
701.5 -0.324917 2.09074
701.75 0.240176 2.19874
702 0.669453 1.07831
702.25 0.735579 -0.569652
702.5 0.406754 -1.94846
702.75 -0.14949 -2.2756
703 -0.620887 -1.31727
703.25 -0.753168 0.300349
703.5 -0.482229 1.77747
703.75 0.056432 2.31634
704 0.562992 1.53897
704.25 0.759774 -0.0275645
704.5 0.55025 -1.58123
704.75 0.0375133 -2.32
705 -0.496546 -1.73972
705.25 -0.755325 -0.245495
705.5 -0.609871 1.36337
705.75 -0.13084 2.28648
706 0.42247 1.91587
706.25 0.739874 0.515633
706.5 0.660293 -1.12759
706.75 0.222059 -2.21664
707 -0.341834 -2.06396
707.25 -0.71361 -0.7796
707.5 -0.700868 0.877546
707.75 -0.309731 2.11214
708 0.255839 2.18083
708.25 0.67685 1.03405
708.5 0.731093 -0.616761
708.75 0.392502 -1.97541
709 -0.165804 -2.26386
709.25 -0.630053 -1.2755
709.5 -0.750604 0.348639
709.75 -0.469129 1.80944
710 0.0731419 2.3111
710.25 0.57382 1.50035
710.5 0.759174 -0.0764634
710.75 0.538497 -1.61762
711 0.0206739 -2.32142
711.25 -0.508896 -1.70495
711.5 -0.756708 -0.196557
711.75 -0.599635 1.40354
712 -0.114141 2.29456
712.25 0.436178 1.88563
712.5 0.743236 0.467235
712.75 0.65172 -1.17092
713 0.205768 -2.23121
713.25 -0.356707 -2.03888
713.5 -0.718922 -0.73234
713.75 -0.694078 0.923385
714 -0.294108 2.1329
714.25 0.27166 2.1615
714.5 0.684061 0.988549
714.75 0.726179 -0.664502
715 0.37779 -2.00192
715.25 -0.182332 -2.25075
715.5 -0.639083 -1.23242
715.75 -0.747639 0.397686
716 -0.455554 1.84116
716.25 0.0901194 2.30456
716.5 0.584561 1.46037
716.75 0.758204 -0.126231
717 0.526261 -1.65394
717.25 0.00351644 -2.32164
717.5 -0.521216 -1.66876
717.75 -0.757755 -0.146649
718 -0.588916 1.44384
718.25 -0.0970789 2.30158
718.5 0.449913 1.85393
718.75 0.746301 0.417772
719 0.64267 -1.21453
719.25 0.189074 -2.24489
719.5 -0.371665 -2.01233
719.75 -0.72398 -0.683928
720 -0.686823 0.969678
720.25 -0.278047 2.15294
720.5 0.287623 2.1407
720.75 0.691063 0.941818
721 0.720821 -0.712842
721.25 0.362615 -2.0279
721.5 -0.19906 -2.23621
721.75 -0.647953 -1.18803
722 -0.744253 0.447461
722.25 -0.441496 1.87255
722.5 0.107353 2.29666
722.75 0.595197 1.41901
723 0.756842 -0.176845
723.25 0.513532 -1.69014
723.5 -0.0139497 -2.32061
723.75 -0.533484 -1.63114
724 -0.758445 -0.0957862
724.25 -0.577701 1.4842
724.5 -0.0796591 2.30747
724.75 0.463653 1.82075
725 0.749047 0.367257
725.25 0.633129 -1.25839
725.5 0.17198 -2.2576
725.75 -0.386688 -1.98428
726 -0.728763 -0.63437
726.25 -0.679088 1.01638
726.5 -0.26155 2.17219
726.75 0.303711 2.1184
727 0.697835 0.893853
727.25 0.715001 -0.761742
727.5 0.346974 -2.05328
727.75 -0.215973 -2.2202
728 -0.656643 -1.14232
728.25 -0.740428 0.497933
728.5 -0.426952 1.90355
728.75 0.124829 2.28734
729 0.605704 1.37626
729.25 0.75507 -0.228281
729.5 0.500302 -1.72614
729.75 -0.0317143 -2.31824
730 -0.54568 -1.59206
730.25 -0.758758 -0.0439892
730.5 -0.56598 1.52456
730.75 -0.0618895 2.31216
731 0.477379 1.78607
731.25 0.751454 0.315702
731.5 0.623083 -1.30244
731.75 0.154489 -2.26925
732 -0.401756 -1.95469
732.25 -0.733247 -0.583674
732.5 -0.670859 1.06344
732.75 -0.244617 2.19057
733 0.319906 2.09455
733.25 0.704355 0.844659
733.5 0.7087 -0.811161
733.75 0.330865 -2.07799
734 -0.233054 -2.20265
734.25 -0.66513 -1.0953
734.5 -0.736145 0.549069
734.75 -0.411915 1.93407
735 0.142534 2.27654
735.25 0.616061 1.33212
735.5 0.752867 -0.28051
735.75 0.486564 -1.76188
736 -0.0497659 -2.31448
736.25 -0.557782 -1.55152
736.5 -0.758673 0.00872099
736.75 -0.553742 1.56486
737 -0.0437787 2.31556
737.25 0.49107 1.74985
737.5 0.753499 0.263123
737.75 0.61252 -1.34662
738 0.136609 -2.27977
738.25 -0.416851 -1.92352
738.5 -0.73741 -0.531852
738.75 -0.662118 1.11082
739 -0.227251 2.20799
739.25 0.33619 2.0691
739.5 0.710599 0.79424
739.75 0.701904 -0.861057
740 0.314287 -2.10194
740.25 -0.250287 -2.18351
740.5 -0.67339 -1.04696
740.75 -0.731386 0.600831
741 -0.396382 1.96404
741.25 0.160454 2.26419
741.5 0.626245 1.28656
741.75 0.750213 -0.333503
742 0.47231 -1.79728
742.25 -0.0680921 -2.30925
742.5 -0.569766 -1.50948
742.75 -0.758167 0.0623206
743 -0.540977 1.60503
743.25 -0.0253364 2.31761
743.5 0.504703 1.71208
743.75 0.75516 0.209539
744 0.601427 -1.39087
744.25 0.118344 -2.28908
744.5 -0.43195 -1.89075
744.75 -0.74123 -0.478915
745 -0.652853 1.15845
745.25 -0.209456 2.22437
745.5 0.352543 2.04202
745.75 0.716544 0.742602
746 0.694593 -0.911381
746.25 0.297241 -2.12504
746.5 -0.267654 -2.16274
746.75 -0.6814 -0.997304
747 -0.726131 0.653181
747.25 -0.38035 1.99338
747.5 0.178571 2.25024
747.75 0.636231 1.2396
748 0.747088 -0.387227
748.25 0.457534 -1.83226
748.5 -0.0866791 -2.30248
748.75 -0.58161 -1.46595
749 -0.757221 0.116784
749.25 -0.527676 1.645
749.5 -0.00657335 2.31823
749.75 0.518256 1.67274
750 0.756415 0.15497
750.25 0.589792 -1.43512
750.5 0.0997043 -2.2971
750.75 -0.447031 -1.85635
751 -0.744683 -0.424878
751.25 -0.643048 1.20628
751.5 -0.191235 2.23964
751.75 0.368943 2.01327
752 0.722167 0.689755
752.25 0.686752 -0.962086
752.5 0.279728 -2.14722
752.75 -0.285134 -2.14029
753 -0.689136 -0.946333
753.25 -0.720362 0.706076
753.5 -0.363815 2.022
753.75 0.19687 2.23463
754 0.645996 1.19122
754.25 0.743472 -0.441648
754.5 0.442231 -1.86675
754.75 -0.105512 -2.29411
755 -0.59329 -1.42092
755.25 -0.755811 0.172081
755.5 -0.51383 1.68468
755.75 0.0124984 2.31734
756 0.531705 1.63181
756.25 0.75724 0.0994372
756.5 0.577604 -1.47931
756.75 0.0806972 -2.30375
757 -0.462072 -1.82029
757.25 -0.747746 -0.369757
757.5 -0.632688 1.25424
757.75 -0.172595 2.25369
758 0.385369 1.98282
758.25 0.727442 0.635711
758.5 0.678365 -1.01312
758.75 0.26175 -2.16838
759 -0.302709 -2.11612
759.25 -0.696573 -0.894055
759.5 -0.714061 0.75947
759.75 -0.346779 2.04982
760 0.215331 2.2173
760.25 0.655515 1.14143
760.5 0.739344 -0.496727
760.75 0.426396 -1.90065
761 -0.124576 -2.28408
761.25 -0.60478 -1.37437
761.5 -0.753917 0.228182
761.75 -0.499432 1.72401
762 0.0318656 2.31487
762.25 0.545025 1.58928
762.5 0.757614 0.0429673
762.75 0.564851 -1.52336
763 0.0613333 -2.30894
763.25 -0.477049 -1.78255
763.5 -0.750394 -0.313573
763.75 -0.621761 1.30229
764 -0.153543 2.26645
764.25 0.401799 1.95063
764.5 0.732347 0.580482
764.75 0.669414 -1.06442
765 0.243309 -2.18844
765.25 -0.320357 -2.09017
765.5 -0.703687 -0.840476
765.75 -0.707209 0.813316
766 -0.329238 2.07674
766.25 0.233935 2.19821
766.5 0.664762 1.09023
766.75 0.734685 -0.552422
767 0.410024 -1.93389
767.25 -0.143852 -2.27231
767.5 -0.616056 -1.3263
767.75 -0.751517 0.285051
768 -0.484474 1.76291
768.25 0.0515138 2.31075
768.5 0.558192 1.54513
768.75 0.757512 -0.0144126
769 0.551524 -1.5672
769.25 0.0416241 -2.3126
769.5 -0.491938 -1.74311
769.75 -0.752605 -0.256347
770 -0.610253 1.35033
770.25 -0.134086 2.27783
770.5 0.418208 1.91667
770.75 0.736855 0.524085
771 0.659885 -1.11593
771.25 0.224412 -2.2073
771.5 -0.338055 -2.06241
771.75 -0.710452 -0.785607
772 -0.699789 0.867559
772.25 -0.311196 2.10268
772.5 0.252661 2.17729
772.75 0.673713 1.03762
773 0.729474 -0.608689
773.25 0.393114 -1.96636
773.5 -0.163324 -2.25875
773.75 -0.627091 -1.27671
774 -0.748589 0.342653
774.25 -0.468949 1.80128
774.5 0.0714272 2.3049
774.75 0.571179 1.49935
775 0.756913 -0.0726718
775.25 0.537612 -1.61075
775.5 0.0215822 -2.31463
775.75 -0.506713 -1.70194
776 -0.754353 -0.198103
776.25 -0.598152 1.39831
776.5 -0.114233 2.28774
776.75 0.434572 1.88091
777 0.740942 0.466538
777.25 0.649762 -1.16758
777.5 0.205063 -2.22487
777.75 -0.35578 -2.03281
778 -0.716841 -0.729462
778.25 -0.691782 0.922146
778.5 -0.292654 2.12755
778.75 0.271489 2.15451
779 0.682339 0.983611
779.25 0.723692 -0.665481
779.5 0.375664 -1.99799
779.75 -0.18297 -2.24333
780 -0.637859 -1.2256
780.25 -0.745112 0.400945
780.5 -0.452854 1.83903
780.75 0.0915888 2.29725
781 0.58396 1.45194
781.25 0.755793 -0.131777
781.5 0.523108 -1.65392
781.75 0.00122193 -2.31497
782 -0.521347 -1.65905
782.25 -0.755614 -0.138868
782.5 -0.585446 1.44615
782.75 -0.0939964 2.29609
783 0.450866 1.84333
783.25 0.744583 0.407863
783.5 0.639031 -1.21932
783.75 0.18527 -2.24107
784 -0.373507 -2.00132
784.25 -0.72283 -0.672054
784.5 -0.683171 0.977015
784.75 -0.273615 2.15123
785 0.290394 2.1298
785.25 0.690615 0.928209
785.5 0.717319 -0.722746
785.75 0.357674 -2.02867
786 -0.20277 -2.226
786.25 -0.648332 -1.17298
786.5 -0.741063 0.459886
786.75 -0.436184 1.87608
787 0.11198 2.28773
787.25 0.596508 1.4029
787.5 0.754128 -0.191692
787.75 0.508003 -1.69663
788 -0.0194414 -2.31352
788.25 -0.535814 -1.6144
788.5 -0.756364 -0.0786715
788.75 -0.572123 1.49376
789 -0.0733874 2.30278
789.25 0.467063 1.80391
789.5 0.74775 0.348082
789.75 0.627676 -1.27105
790 0.165041 -2.25578
790.25 -0.391212 -1.96791
790.5 -0.72839 -0.613403
790.75 -0.67394 1.0321
791 -0.254085 2.17365
791.25 0.309353 2.10314
791.5 0.698514 0.871428
791.75 0.710336 -0.780428
792 0.339144 -2.05831
792.25 -0.222702 -2.2067
792.5 -0.658483 -1.11884
792.75 -0.736423 0.519427
793 -0.418935 1.91233
793.25 0.132581 2.27627
793.5 0.608795 1.35221
793.75 0.751896 -0.252377
794 0.492292 -1.73879
794.25 -0.0403907 -2.31022
794.5 -0.550086 -1.568
794.75 -0.756578 -0.0175472
795 -0.558174 1.54107
795.25 -0.05242 2.30774
795.5 0.483136 1.76262
795.75 0.75042 0.287223
796 0.615686 -1.32272
796.25 0.144387 -2.26892
796.5 -0.408867 -1.93256
796.75 -0.733495 -0.553529
797 -0.664072 1.08734
797.25 -0.234069 2.19468
797.5 0.32834 2.07447
797.75 0.706007 0.813283
798 0.702723 -0.838469
798.25 0.320076 -2.08679
798.5 -0.242743 -2.18537
798.75 -0.668284 -1.0632
799 -0.731169 0.579518
799.25 -0.401107 1.94768
799.5 0.153371 2.2628
799.75 0.620792 1.29989
800 0.749073 -0.313788
800.25 0.475967 -1.7803
800.5 -0.0616076 -2.30497
800.75 -0.564134 -1.51983
801 -0.756232 0.0444694
801.25 -0.54359 1.58798
801.5 -0.0311092 2.31087
801.75 0.499056 1.71946
802 0.752565 0.225316
802.25 0.603046 -1.37424
802.5 0.123319 -2.28038
802.75 -0.426445 -1.89523
803 -0.738119 -0.492455
803.25 -0.653551 1.14267
803.5 -0.213574 2.21425
803.75 0.34733 2.04375
804 0.713066 0.753791
804.25 0.694463 -0.896806
804.5 0.300475 -2.11403
804.75 -0.262867 -2.16196
805 -0.677705 -1.00607
805.25 -0.72528 0.640105
805.5 -0.382698 1.98202
805.75 0.174327 2.24727
806 0.63247 1.24594
806.25 0.745638 -0.375881
806.5 0.459025 -1.82106
806.75 -0.0830723 -2.2977
807 -0.577929 -1.4699
807.25 -0.7553 0.107339
807.5 -0.528361 1.6344
807.75 -0.00947179 2.31209
808 0.514794 1.67441
808.25 0.754159 0.162392
808.5 0.589746 -1.42552
808.75 0.10185 -2.29008
809 -0.443917 -1.8559
809.25 -0.742233 -0.430208
809.5 -0.642363 1.19799
809.75 -0.192611 2.23223
810 0.366294 2.01096
810.25 0.719663 0.692972
810.5 0.685538 -0.955372
810.75 0.280345 -2.13991
811 -0.283049 -2.13643
811.25 -0.686718 -0.947468
811.5 -0.718737 0.701129
811.75 -0.363709 2.01525
812 0.195425 2.2296
812.25 0.643799 1.19036
812.5 0.741566 -0.438604
812.75 0.441462 -1.86097
813 -0.104763 -2.28835
813.25 -0.591441 -1.4182
813.5 -0.753758 0.17102
813.75 -0.512481 1.68023
814 0.012474 2.3113
814.25 0.53032 1.62745
814.5 0.755177 0.0984868
814.75 0.575774 -1.47647
815 0.0799946 -2.29791
815.25 -0.461255 -1.81456
815.5 -0.74581 -0.366816
815.75 -0.630493 1.25324
816 -0.17119 2.24853
816.25 0.385204 1.97606
816.5 0.72577 0.630851
816.75 0.675929 -1.01409
817 0.259692 -2.16433
817.25 -0.303261 -2.10874
817.5 -0.695293 -0.887401
817.75 -0.711519 0.762528
818 -0.344143 2.04727
818.25 0.21664 2.20975
818.5 0.654749 1.13317
818.75 0.736835 -0.501903
819 0.423277 -1.89993
819.25 -0.126658 -2.27683
819.5 -0.604638 -1.36474
819.75 -0.751582 0.235465
820 -0.495944 1.72538
820.25 0.0347082 2.30842
820.5 0.545603 1.5786
820.75 0.755591 0.0336402
821 0.561121 -1.527
821.25 0.0577695 -2.30379
821.5 -0.478426 -1.77119
821.75 -0.748822 -0.302314
822 -0.617927 1.30832
822.25 -0.149324 2.26304
822.5 0.40403 1.93903
822.75 0.731356 0.567453
823 0.665621 -1.0729
823.25 0.238526 -2.18717
823.5 -0.323474 -2.07883
823.75 -0.7034 -0.825896
824 -0.703607 0.824234
824.25 -0.324004 2.07795
824.5 0.237944 2.18765
824.75 0.665289 1.07438
825 0.731424 -0.565721
825.25 0.404469 -1.93782
825.5 -0.148731 -2.26308
825.75 -0.617491 -1.30952
826 -0.748747 0.300624
826.25 -0.478745 1.76974
826.5 0.0572093 2.30338
826.75 0.560613 1.52784
827 0.755377 -0.0321058
827.25 0.545777 -1.57702
827.5 0.0351927 -2.3076
827.75 -0.4954 -1.72578
828 -0.751242 -0.236735
828.25 -0.604653 1.36315
828.5 -0.127026 2.27566
828.75 0.422741 1.89984
829 0.736394 0.502808
829.25 0.654598 -1.1317
829.5 0.216856 -2.20832
829.75 -0.34366 -2.04667
830 -0.711008 -0.762975
830.25 -0.694981 0.886177
830.5 -0.303297 2.10718
830.75 0.259311 2.16325
831 0.675387 1.01401
831.25 0.725311 -0.629995
831.5 0.38504 -1.97453
831.75 -0.170957 -2.24702
832 -0.629966 -1.25256
832.25 -0.745229 0.366445
832.5 -0.46088 1.81319
832.75 0.079954 2.29608
833 0.575315 1.47517
833.25 0.754506 -0.0987051
833.5 0.529736 -1.62641
833.75 0.012284 -2.30926
834 -0.512144 -1.67831
834.25 -0.753041 -0.17012
834.5 -0.590659 1.41763
834.75 -0.104313 2.28628
835 0.441305 1.85846
835.25 0.740853 0.436949
835.5 0.642843 -1.19042
835.75 0.194694 -2.22768
836 -0.363786 -2.01224
836.25 -0.718087 -0.698666
836.5 -0.685623 0.948279
836.75 -0.282029 2.13486
837 0.280709 2.13651
837.25 0.685013 0.952073
837.5 0.718473 -0.694659
837.75 0.36499 -2.00994
838 -0.193309 -2.22861
838.25 -0.642032 -1.19386
838.5 -0.741004 0.432869
838.75 -0.442348 1.85563
839 0.102917 2.28645
839.25 0.589678 1.4206
839.5 0.752954 -0.166108
839.75 0.51299 -1.67507
840 -0.0109348 -2.30868
840.25 -0.528625 -1.62879
840.5 -0.754191 -0.102512
840.75 -0.575935 1.47167
841 -0.0812022 2.29479
841.25 0.459689 1.8149
841.5 0.744704 0.369912
841.75 0.630344 -1.24895
842 0.172053 -2.24512
842.25 -0.383821 -1.97549
842.5 -0.724605 -0.632998
842.75 -0.675515 1.01046
843 -0.26021 2.16085
843.25 0.302108 2.10738
843.5 0.694133 0.888602
843.75 0.710892 -0.75964
844 0.344327 -2.04393
844.25 -0.215756 -2.20777
844.5 -0.653654 -1.13345
844.75 -0.736049 0.499833
845 -0.423149 1.89693
845.25 0.126073 2.27441
845.5 0.603667 1.36415
845.75 0.750695 -0.23426
846 0.495535 -1.72288
846.25 -0.0344404 -2.30577
846.5 -0.54481 -1.57722
846.75 -0.754665 -0.0339554
847 -0.560472 1.52515
847.25 -0.0577138 2.3011
847.5 0.477859 1.76913
847.75 0.747917 0.301737
848 0.617086 -1.30722
848.25 0.14895 -2.26053
848.5 -0.40373 -1.93642
848.75 -0.730532 -0.566006
849 -0.664641 1.07263
849.25 -0.23785 2.18504
849.5 0.323476 2.07583
849.75 0.702716 0.823621
850 0.702545 -0.824863
850.25 0.323054 -2.07638
850.5 -0.23827 -2.18446
850.75 -0.6648 -1.07134
851 -0.730341 0.567272
851.25 -0.403283 1.93697
851.5 0.149392 2.2599
851.75 0.617249 1.30582
852 0.747703 -0.303104
852.25 0.477367 -1.76974
852.5 -0.0582074 -2.30043
852.75 -0.560662 -1.52359
853 -0.754435 0.0354981
853.25 -0.544262 1.57796
853.5 -0.0338693 2.3051
853.75 0.49578 1.72114
854 0.750463 0.232468
854.25 0.603058 -1.36511
854.5 0.125401 -2.27381
854.75 -0.42348 -1.89499
855 -0.735837 -0.497725
855.25 -0.652985 1.13471
855.5 -0.214963 2.20731
855.75 0.344778 2.04182
856 0.710728 0.757161
856.25 0.693415 -0.890247
856.5 0.301181 -2.10717
856.75 -0.260816 -2.15862
857 -0.675435 -1.00757
857.25 -0.723857 0.635114
857.5 -0.382754 1.97563
857.75 0.172846 2.24285
858 0.630388 1.24564
858.25 0.743954 -0.372577
858.5 0.458485 -1.81551
858.75 -0.0822087 -2.29259
859 -0.576147 -1.46793
859.25 -0.753474 0.105794
859.5 -0.527298 1.63
859.75 -0.00969231 2.30669
860 0.513416 1.67095
860.25 0.752312 0.16215
860.5 0.588248 -1.42252
860.75 0.101425 -2.28483
861 -0.443034 -1.8512
861.25 -0.740487 -0.428198
861.5 -0.640531 1.19659
861.75 -0.191563 2.22754
862 0.365981 2.00532
862.25 0.718137 0.689256
862.5 0.683483 -0.955704
862.75 0.278717 -2.13616
863 -0.283362 -2.13021
863.25 -0.685526 -0.942155
863.5 -0.716577 0.703281
863.75 -0.361567 2.01278
864 0.196401 2.22318
864.25 0.643048 1.18361
864.5 0.739421 -0.442612
864.75 0.43889 -1.86007
865 -0.106415 -2.28216
865.25 -0.591228 -1.41024
865.5 -0.751753 0.176875
865.75 -0.509576 1.68113
866 0.0147915 2.30578
866.25 0.530731 1.61854
866.5 0.753435 0.0908361
866.75 0.572649 -1.47933
867 0.0770459 -2.29349
867.25 -0.462357 -1.80504
867.5 -0.744451 -0.357467
867.75 -0.627267 1.25817
868 -0.167668 2.24559
868.25 0.387047 1.96631
868.5 0.724909 0.619945
868.75 0.67273 -1.02114
869 0.255675 -2.16323
869.25 -0.305872 -2.09918
869.5 -0.695037 -0.87513
869.75 -0.708477 0.771693
870 -0.33973 2.04829
870.25 0.220025 2.20085
870.5 0.655194 1.11978
870.75 0.734082 -0.513138
871 0.418582 -1.9033
871.25 -0.130796 -2.26907
871.5 -0.605869 -1.35053
871.75 -0.749247 0.248678
872 -0.491092 1.73124
872.25 0.0395546 2.30227
872.5 0.547686 1.56393
872.75 0.753802 0.0185803
873 0.55625 -1.53543
873.25 0.0522857 -2.29968
873.5 -0.481409 -1.75649
873.75 -0.747699 -0.285582
874 -0.613178 1.31934
874.25 -0.143296 2.26136
874.5 0.407938 1.92476
874.75 0.731011 0.54927
875 0.661141 -1.08647
875.25 0.23207 -2.18824
875.5 -0.32831 -2.0655
875.75 -0.703934 -0.806533
876 -0.699539 0.840262
876.25 -0.31725 2.08202
876.5 0.243683 2.1758
876.75 0.66679 1.05416
877 0.727912 -0.584076
877.25 0.397565 -1.94504
877.5 -0.155319 -2.25324
877.75 -0.620031 -1.28884
878 -0.745928 0.321134
878.25 -0.471846 1.78019
878.5 0.0645672 2.29607
878.75 0.564244 1.50714
879 0.753384 -0.0545578
879.25 0.539047 -1.5907
879.5 0.0271707 -2.30328
879.75 -0.500152 -1.70557
880 -0.750198 -0.212594
880.25 -0.598256 1.37999
880.5 -0.11847 2.27472
880.75 0.428618 1.88067
881 0.736409 0.477275
881.25 0.648699 -1.15157
881.5 0.207916 -2.21107
881.75 -0.350638 -2.02915
882 -0.712181 -0.736401
882.25 -0.689743 0.908896
882.5 -0.29414 2.11383
882.75 0.267337 2.14799
883 0.677798 0.986799
883.25 0.720889 -0.655346
883.5 0.375846 -1.98517
883.75 -0.179949 -2.23462
884 -0.633677 -1.22519
884.25 -0.741772 0.394171
884.5 -0.451837 1.82785
884.75 0.0897977 2.28709
885 0.580366 1.44817
885.25 0.752153 -0.128514
885.5 0.521034 -1.645
885.75 0.00172897 -2.3042
886 -0.518547 -1.65227
886.25 -0.751917 -0.13856
886.5 -0.582489 1.44
886.75 -0.0932122 2.28555
887 0.449045 1.83403
887.25 0.741071 0.404012
887.5 0.635392 -1.21634
887.75 0.183234 -2.23158
888 -0.372817 -1.9901
888.25 -0.719743 -0.66478
888.5 -0.679071 0.977495
888.75 -0.270413 2.14359
889 0.290951 2.11736
889.25 0.688183 0.917724
889.5 0.712991 -0.726859
889.75 0.353433 -2.02355
890 -0.20465 -2.21312
890.25 -0.646769 -1.1596
890.5 -0.736752 0.467712
890.75 -0.431068 1.87407
891 0.115212 2.27526
891.25 0.596011 1.38704
891.5 0.75008 -0.20322
891.75 0.502208 -1.6982
892 -0.0240093 -2.30233
892.25 -0.536553 -1.59661
892.5 -0.752826 -0.0635401
892.75 -0.56587 1.49924
893 -0.0675494 2.29372
893.25 0.469178 1.78484
893.5 0.744963 0.329534
893.75 0.621205 -1.28067
894 0.158045 -2.24965
894.25 -0.394805 -1.94833
894.5 -0.726584 -0.591716
894.75 -0.667505 1.04595
895 -0.246086 2.17115
895.25 0.314483 2.08389
895.5 0.697905 0.846978
895.75 0.704197 -0.798522
896 0.330335 -2.06003
896.25 -0.229383 -2.18871
896.5 -0.659267 -1.09211
896.75 -0.730844 0.541674
897 -0.409544 1.91872
897.25 0.140776 2.26049
897.5 0.61114 1.3238
897.75 0.747137 -0.278603
898 0.48257 -1.75016
898.25 -0.0500116 -2.29758
898.5 -0.554129 -1.53861
898.75 -0.752894 0.0123995
899 -0.548393 1.55758
899.25 -0.0415101 2.29914
899.5 0.488977 1.7331
899.75 0.748052 0.253899
900 0.606129 -1.34442
900.25 0.132373 -2.26513
900.5 -0.416561 -1.90383
900.75 -0.73267 -0.517262
901 -0.655029 1.11416
901.25 -0.221175 2.19637
901.5 0.337893 2.04755
901.75 0.706929 0.774608
902 0.694486 -0.870234
902.25 0.306567 -2.09446
902.5 -0.254109 -2.16133
902.75 -0.671132 -1.02277
903 -0.724024 0.615967
903.25 -0.387272 1.96164
903.5 0.16645 2.24271
903.75 0.625712 1.25846
904 0.743298 -0.354582
904.25 0.462119 -1.80073
904.5 -0.0762432 -2.28986
904.75 -0.571233 -1.47829
905 -0.75209 0.0891893
905.25 -0.530053 1.61488
905.5 -0.0151249 2.30168
905.75 0.508397 1.67882
906 0.750305 0.177169
906.25 0.590152 -1.40748
906.5 0.106242 -2.27791
906.75 -0.438042 -1.85659
907 -0.737965 -0.441472
907.25 -0.64163 1.182
907.5 -0.195704 2.21912
907.75 0.361139 2.00831
908 0.715216 0.700663
908.25 0.68384 -0.941889
908.5 0.282143 -2.12669
908.75 -0.278786 -2.13094
909 -0.682325 -0.951608
909.25 -0.716269 0.690497
909.5 -0.364262 2.00268
909.75 0.192195 2.22187
910 0.639685 1.19106
910.25 0.738536 -0.431075
910.5 0.44086 -1.84977
910.75 -0.102667 -2.27907
911 -0.587823 -1.41567
911.25 -0.750386 0.166754
911.5 -0.510848 1.671
911.75 0.011573 2.30124
912 0.527396 1.62201
912.25 0.751689 0.0994122
912.5 0.573268 -1.46971
912.75 0.0796836 -2.28785
913 -0.459203 -1.80662
913.25 -0.742434 -0.364408
913.5 -0.627295 1.24935
913.75 -0.169694 2.23925
914 0.384175 1.96616
914.25 0.722729 0.625198
914.5 0.672241 -1.01338
914.75 0.25708 -2.15657
915 -0.303371 -2.0975
915.25 -0.692806 -0.878681
915.5 -0.707557 0.765163
915.75 -0.340525 2.04169
916 0.217969 2.19789
916.25 0.653019 1.12165
916.5 0.732824 -0.50799
916.75 0.418798 -1.89711
917 -0.129245 -2.26514
917.25 -0.603854 -1.3508
917.5 -0.747752 0.245014
917.75 -0.490779 1.72578
918 0.0385479 2.29771
918.25 0.54593 1.5627
918.5 0.752173 0.0206996
918.75 0.555471 -1.53096
919 0.0527274 -2.29484
919.25 -0.480001 -1.75393
919.5 -0.746042 -0.286134
919.75 -0.612012 1.31608
920 -0.143173 2.25662
920.25 0.406957 1.92109
920.5 0.729431 0.548271
920.75 0.659674 -1.08457
921 0.231401 -2.18395
921.25 -0.327819 -2.06098
921.5 -0.702535 -0.804038
921.75 -0.697869 0.839857
922 -0.316076 2.07851
922.25 0.24373 2.17074
922.5 0.665671 1.05027
922.75 0.72614 -0.585232
923 0.395943 -1.94261
923.25 -0.155935 -2.24799
923.5 -0.619284 -1.28369
923.75 -0.74416 0.323882
924 -0.469847 1.77908
924.25 0.0657618 2.29099
924.5 0.563952 1.50092
924.75 0.751725 -0.0588915
925 0.536757 -1.59109
925.25 0.0254077 -2.29875
925.5 -0.500387 -1.69853
925.75 -0.748754 -0.20672
926 -0.595771 1.38204
926.25 -0.116169 2.2711
926.5 0.429437 1.8731
926.75 0.735285 0.469945
927 0.646123 -1.15535
927.25 0.205128 -2.20869
927.5 -0.352084 -2.02137
927.75 -0.711473 -0.727737
928 -0.687184 0.914465
928.25 -0.290933 2.11298
928.5 0.269431 2.14037
928.75 0.677599 0.97697
929 0.718458 -0.662698
929.25 0.372304 -1.98609
929.5 -0.182694 -2.22757
929.75 -0.634069 -1.21441
930 -0.739581 0.403268
930.25 -0.448057 1.83072
930.5 0.0931744 2.28101
930.75 0.581418 1.4367
931 0.750314 -0.139279
931.25 0.517125 -1.64994
931.5 -0.00223904 -2.29947
931.75 -0.520316 -1.64043
932 -0.750537 -0.126239
932.25 -0.578566 1.44709
932.5 -0.0887142 2.28254
932.75 0.45157 1.82219
933 0.740252 0.390286
933.25 0.631576 -1.22559
933.5 0.178287 -2.23062
933.75 -0.376118 -1.97865
934 -0.71958 -0.649839
934.25 -0.675484 0.988865
934.5 -0.265115 2.14493
934.75 0.295026 2.10675
935 0.688762 0.901805
935.25 0.709757 -0.740279
935.5 0.347896 -2.0274
935.75 -0.209476 -2.20379
936 -0.648164 -1.14299
936.25 -0.733991 0.483072
936.5 -0.425417 1.88055
936.75 0.120743 2.26766
937 0.598281 1.37008
937.25 0.747909 -0.220374
937.5 0.496575 -1.70736
937.75 -0.0301736 -2.29689
938 -0.53974 -1.57968
938.25 -0.751356 -0.0447718
938.5 -0.560392 1.51108
938.75 -0.0608431 2.29083
939 0.473305 1.76838
939.25 0.744298 0.309368
939.5 0.616021 -1.29513
939.75 0.150908 -2.24961
940 -0.399872 -1.93282
940.25 -0.726817 -0.57041
940.5 -0.662754 1.06293
940.75 -0.238647 2.17421
941 0.320467 2.06984
941.25 0.699117 0.824836
941.5 0.700015 -0.817859
941.75 0.322736 -2.06635
942 -0.236235 -2.17663
942.25 -0.661525 -1.06949
942.5 -0.727363 0.563191
942.75 -0.401937 1.92839
943 0.148422 2.25088
943.25 0.614495 1.3011
943.5 0.744481 -0.302084
943.75 0.475112 -1.76316
944 -0.0583544 -2.29092
944.25 -0.558611 -1.5163
944.5 -0.751179 0.0375974
944.75 -0.541245 1.57385
945 -0.032593 2.29582
945.25 0.494593 1.71169
945.5 0.747384 0.227268
945.75 0.599451 -1.36383
946 0.123023 -2.26549
946.25 -0.423295 -1.88387
946.5 -0.733143 -0.489521
946.75 -0.648979 1.13652
947 -0.211553 2.20065
947.25 0.345702 2.02963
947.5 0.708622 0.746126
947.75 0.689213 -0.895314
948 0.296844 -2.10279
948.25 -0.262921 -2.14603
948.5 -0.674107 -0.993967
948.75 -0.719673 0.643514
949 -0.377629 1.97407
949.25 0.176166 2.23059
949.5 0.630012 1.22981
949.75 0.740002 -0.384308
950 0.452741 -1.81719
950.25 -0.0867371 -2.28144
950.5 -0.576879 -1.45034
950.75 -0.749974 0.120778
951 -0.521126 1.63524
951.25 -0.00400404 2.29741
951.5 0.515384 1.65214
951.75 0.749477 0.144068
952 0.581858 -1.43154
952.25 0.0946672 -2.27814
952.5 -0.446337 -1.83182
952.75 -0.738521 -0.407246
953 -0.634146 1.20949
953.25 -0.183864 2.2241
953.5 0.37068 1.98611
953.75 0.717235 0.665747
954 0.677334 -0.972512
954.25 0.270242 -2.13653
954.5 -0.289483 -2.11196
954.75 -0.685866 -0.916487
955 -0.710897 0.723922
955.25 -0.352511 2.0174
955.5 0.203923 2.20674
955.75 0.644786 1.15628
956 0.734445 -0.46694
956.25 0.429472 -1.86926
956.5 -0.115275 -2.26838
956.75 -0.594495 -1.38184
957 -0.747708 0.204674
957.25 -0.500036 1.69507
957.5 0.0248807 2.29548
957.75 0.535626 1.58977
958 0.750539 0.0598557
958.25 0.563238 -1.49809
958.5 0.0658783 -2.28742
958.75 -0.468944 -1.77669
959 -0.742912 -0.323668
959.25 -0.618245 1.2817
959.5 -0.155612 2.24439
959.75 0.395349 1.93927
960 0.724914 0.583771
960.25 0.664359 -1.04932
960.5 0.242956 -2.16741
960.75 -0.315867 -2.07439
961 -0.696756 -0.837117
961.25 -0.701016 0.804289
961.5 -0.3266 2.05822
961.75 0.231643 2.17928
962 0.658769 1.08056
962.25 0.727783 -0.549867
962.5 0.405316 -1.91919
962.75 -0.143919 -2.25166
963 -0.61141 -1.31085
963.25 -0.744352 0.289182
963.5 -0.477981 1.75316
963.75 0.0540155 2.28992
964 0.555268 1.52463
964.25 0.750538 -0.0252754
964.5 0.54359 -1.5633
964.75 0.0366978 -2.29318
965 -0.491064 -1.71851
965.25 -0.746277 -0.23887
965.5 -0.601268 1.35297
965.75 -0.126833 2.26137
966 0.419654 1.88914
966.25 0.731619 0.500279
966.5 0.650277 -1.12558
966.75 0.215017 -2.19525
967 -0.342021 -2.03332
967.25 -0.706734 -0.755931
967.5 -0.690009 0.884482
967.75 -0.299921 2.09633
968 0.259272 2.14815
968.25 0.671914 1.00272
968.5 0.719991 -0.632966
968.75 0.380291 -1.96679
969 -0.172617 -2.2312
969.25 -0.627573 -1.23743
969.5 -0.739876 0.374193
969.75 -0.454969 1.80933
970 0.0833518 2.28063
970.25 0.574257 1.45676
970.5 0.74944 -0.111226
970.75 0.522914 -1.62701
971 0.00716999 -2.2953
971.25 -0.512642 -1.65731
971.5 -0.74858 -0.152946
971.75 -0.583209 1.42315
972 -0.0975657 2.27489
972.25 0.443538 1.83572
972.5 0.737308 0.415355
972.75 0.635074 -1.20114
973 0.186456 -2.21989
973.25 -0.367888 -1.98873
973.5 -0.715755 -0.673006
973.75 -0.677858 0.964359
974 -0.272498 2.13156
974.25 0.286755 2.11334
974.5 0.684173 0.92283
974.75 0.711046 -0.71611
975 0.354413 -2.01188
975.25 -0.201316 -2.20696
975.5 -0.642935 -1.16166
975.75 -0.734252 0.459592
976 -0.431012 1.86338
976.25 0.112838 2.26752
976.5 0.592541 1.38621
976.75 0.747212 -0.19789
977 0.501215 -1.68903
977.25 -0.0226578 -2.29367
977.5 -0.533623 -1.59313
977.75 -0.749783 -0.0659916
978 -0.564066 1.49206
978.25 -0.0678523 2.28481
978.5 0.466947 1.77904
978.75 0.741941 0.329089
979 0.61874 -1.27584
979.25 0.157311 -2.24115
979.5 -0.39341 -1.94063
979.75 -0.723776 -0.588426
980 -0.664547 1.04377
980.25 -0.244362 2.16372
980.5 0.314034 2.07483
980.75 0.6955 0.84097
981 0.700928 -0.799163
981.25 0.327706 -2.05425
981.5 -0.229959 -2.17887
981.75 -0.657444 -1.08359
982 -0.727454 0.545253
982.25 -0.406124 1.91512
982.5 0.142422 2.25052
982.75 0.610066 1.31305
983 0.743823 -0.285155
983.25 0.478499 -1.74916
983.5 -0.0527353 -2.28817
983.75 -0.553953 -1.52602
984 -0.749852 0.0218901
984.25 -0.543837 1.55951
984.5 -0.0377385 2.29097
984.75 0.489823 1.71913
985 0.745478 0.241575
985.25 0.60127 -1.34951
985.5 0.127621 -2.25887
985.75 -0.418529 -1.88904
986 -0.730753 -0.502281
986.25 -0.650063 1.12255
986.5 -0.215546 2.19262
986.75 0.341051 2.03259
987 0.705848 0.757223
987.25 0.689615 -0.881978
987.5 0.300196 -2.09373
987.75 -0.258488 -2.1469
988 -0.671052 -1.00331
988.25 -0.719457 0.631046
988.5 -0.380323 1.96436
988.75 0.172045 2.22954
989 0.62678 1.23735
989.25 0.739243 -0.372902
989.5 0.454778 -1.8072
989.75 -0.0830094 -2.2787
990 -0.573574 -1.45605
990.25 -0.748752 0.11059
990.5 -0.522527 1.62531
990.75 -0.00727318 2.29326
991 0.512107 1.65604
991.25 0.747881 0.152916
991.5 0.582658 -1.42197
991.75 0.0974285 -2.2729
992 -0.443186 -1.83398
992.25 -0.736644 -0.414665
992.5 -0.634395 1.20054
992.75 -0.186086 2.21809
993 0.367745 1.98664
993.25 0.715169 0.671677
993.5 0.677092 -0.964404
993.75 0.271911 -2.1301
994 -0.286844 -2.11102
994.25 -0.683707 -0.920901
994.5 -0.710237 0.716831
994.75 -0.353632 2.01088
995 0.20165 2.20455
995.25 0.642629 1.15919
995.5 0.733443 -0.461003
995.75 0.430066 -1.86295
996 -0.113424 -2.26518
996.25 -0.592431 -1.38327
996.5 -0.74645 0.199991
996.75 -0.50014 1.68926
997 0.0234917 2.29155
997.25 0.533742 1.58983
997.5 0.749112 0.0632187
997.75 0.562903 -1.49302
998 0.0667815 -2.28307
998.25 -0.467319 -1.77549
998.5 -0.741406 -0.325677
998.75 -0.617533 1.27757
999 -0.156023 2.23995
999.25 0.394055 1.93698
999.5 0.723419 0.584426
999.75 0.663342 -1.04628
